VC:2f90039 BD:Jan 16 2014 SN:LGR-14-0208
                     Time,      [CH4]_ppm,   [CH4]_ppm_sd,      [H2O]_ppm,   [H2O]_ppm_sd,      [CO2]_ppm,   [CO2]_ppm_sd,     [CH4]d_ppm,  [CH4]d_ppm_sd,     [CO2]d_ppm,  [CO2]d_ppm_sd,      GasP_torr,   GasP_torr_sd,         GasT_C,      GasT_C_sd,         AmbT_C,      AmbT_C_sd,         RD0_us,      RD0_us_sd,         RD1_us,      RD1_us_sd,       Fit_Flag,      MIU_VALVE,       MIU_DESC
  10/14/2016 12:37:11.932,   1.915944e+00,   1.676314e-03,   7.562026e+03,   1.203370e+02,   4.095849e+02,   1.013842e+00,   1.930543e+00,   1.532397e-03,   4.127059e+02,   1.068707e+00,   1.405197e+02,   2.080418e-02,   1.346075e+01,   8.379254e-04,   1.427905e+01,   1.226182e-03,   1.127157e+01,   3.734240e-03,   1.170950e+01,   6.183854e-03,              3,              0,       1 meters
  10/14/2016 12:37:16.818,   1.917209e+00,   1.291961e-03,   7.180938e+03,   1.173110e+02,   4.066996e+02,   6.460990e-01,   1.931076e+00,   1.382712e-03,   4.096413e+02,   6.810812e-01,   1.405598e+02,   2.849544e-02,   1.345895e+01,   7.047036e-04,   1.427559e+01,   2.576524e-03,   1.127270e+01,   1.962174e-03,   1.171455e+01,   3.933047e-03,              3,              0,       1 meters
  10/14/2016 12:37:21.702,   1.919350e+00,   2.032229e-03,   7.059483e+03,   9.466291e+01,   4.045519e+02,   6.647573e-01,   1.932996e+00,   2.024734e-03,   4.074281e+02,   6.904418e-01,   1.406085e+02,   2.124047e-02,   1.345709e+01,   8.456884e-04,   1.427134e+01,   9.317164e-04,   1.127041e+01,   1.900310e-03,   1.171142e+01,   4.391477e-03,              3,              0,       1 meters
  10/14/2016 12:37:26.585,   1.922723e+00,   1.104133e-03,   6.903350e+03,   4.108137e+01,   4.030614e+02,   2.727437e-01,   1.936088e+00,   1.158218e-03,   4.058632e+02,   2.833821e-01,   1.405731e+02,   1.506733e-02,   1.345508e+01,   7.801230e-04,   1.427382e+01,   1.036508e-03,   1.127203e+01,   4.033983e-03,   1.171162e+01,   2.995475e-03,              3,              0,       1 meters
  10/14/2016 12:37:31.470,   1.920589e+00,   1.638985e-03,   6.919095e+03,   8.953384e+01,   4.039572e+02,   5.480167e-01,   1.933970e+00,   1.482281e-03,   4.067718e+02,   5.880645e-01,   1.405405e+02,   1.746871e-02,   1.345319e+01,   8.541736e-04,   1.427434e+01,   1.148520e-03,   1.127042e+01,   1.906041e-03,   1.171078e+01,   3.084537e-03,              3,              0,       1 meters
  10/14/2016 12:37:36.355,   1.915376e+00,   2.429658e-03,   7.287831e+03,   1.588701e+02,   4.058252e+02,   7.531517e-01,   1.929437e+00,   2.299976e-03,   4.088046e+02,   8.234025e-01,   1.405213e+02,   1.989077e-02,   1.345180e+01,   7.247851e-04,   1.427190e+01,   7.957120e-04,   1.127035e+01,   3.961554e-03,   1.171009e+01,   5.762277e-03,              3,              0,       1 meters
  10/14/2016 12:37:41.239,   1.912414e+00,   2.268076e-03,   7.896094e+03,   1.810603e+02,   4.086531e+02,   1.097618e+00,   1.927635e+00,   2.251040e-03,   4.119057e+02,   1.175563e+00,   1.405697e+02,   2.578713e-02,   1.345030e+01,   7.477310e-04,   1.426985e+01,   2.303411e-03,   1.126738e+01,   5.853589e-03,   1.170655e+01,   7.812090e-03,              3,              0,       1 meters
  10/14/2016 12:37:46.123,   1.906281e+00,   2.042373e-03,   8.221822e+03,   9.570917e+01,   4.105646e+02,   7.106266e-01,   1.922084e+00,   1.999243e-03,   4.139682e+02,   7.379701e-01,   1.406114e+02,   2.002419e-02,   1.344876e+01,   4.530896e-04,   1.426430e+01,   7.561529e-04,   1.127395e+01,   5.502108e-03,   1.171097e+01,   3.982716e-03,              3,              0,       1 meters
  10/14/2016 12:37:51.009,   1.901790e+00,   1.742635e-03,   8.474487e+03,   7.348084e+01,   4.127166e+02,   1.109188e+00,   1.918044e+00,   1.654830e-03,   4.162441e+02,   1.147185e+00,   1.405744e+02,   1.643266e-02,   1.344708e+01,   7.442615e-04,   1.426290e+01,   1.663564e-03,   1.127181e+01,   6.569654e-03,   1.171261e+01,   5.681881e-03,              3,              0,       1 meters
  10/14/2016 12:37:55.893,   1.898444e+00,   2.916039e-03,   8.739208e+03,   5.914297e+01,   4.156433e+02,   6.905918e-01,   1.915182e+00,   3.036437e-03,   4.193078e+02,   7.051136e-01,   1.405397e+02,   1.009545e-02,   1.344575e+01,   6.871007e-04,   1.425611e+01,   1.736106e-03,   1.127170e+01,   7.187662e-03,   1.170713e+01,   5.959133e-03,              3,              0,       1 meters
  10/14/2016 12:38:00.777,   1.894027e+00,   1.170768e-03,   8.914412e+03,   1.546592e+02,   4.177315e+02,   9.627270e-01,   1.911063e+00,   1.346417e-03,   4.214890e+02,   1.028804e+00,   1.405293e+02,   1.796402e-02,   1.344376e+01,   4.809842e-04,   1.425358e+01,   5.460367e-04,   1.127446e+01,   3.047475e-03,   1.170965e+01,   5.179952e-03,              3,              0,       1 meters
  10/14/2016 12:38:05.661,   1.890949e+00,   2.457368e-03,   9.033262e+03,   1.093073e+02,   4.204931e+02,   8.934915e-01,   1.908186e+00,   2.458715e-03,   4.243263e+02,   9.396613e-01,   1.405790e+02,   3.790951e-02,   1.344195e+01,   9.076528e-04,   1.425197e+01,   1.946337e-03,   1.126882e+01,   6.021343e-03,   1.170585e+01,   8.129394e-03,              3,              0,       1 meters
  10/14/2016 12:38:10.545,   1.885105e+00,   1.744804e-03,   9.035149e+03,   9.700159e+01,   4.223927e+02,   9.446757e-01,   1.902292e+00,   1.800147e-03,   4.262439e+02,   9.919383e-01,   1.406072e+02,   2.032233e-02,   1.344018e+01,   6.363259e-04,   1.425643e+01,   3.366256e-03,   1.126816e+01,   4.500968e-03,   1.170965e+01,   7.531739e-03,              3,              0,       1 meters
  10/14/2016 12:38:15.430,   1.882167e+00,   1.307531e-03,   9.222580e+03,   9.954469e+01,   4.247649e+02,   7.202712e-01,   1.899687e+00,   1.307298e-03,   4.287188e+02,   7.613333e-01,   1.405674e+02,   8.508217e-03,   1.343810e+01,   7.574662e-04,   1.426899e+01,   2.450122e-03,   1.127360e+01,   1.637465e-03,   1.170879e+01,   3.385188e-03,              3,              0,       1 meters
  10/14/2016 12:38:20.316,   1.877554e+00,   1.286107e-03,   9.300661e+03,   6.567728e+01,   4.270005e+02,   6.711740e-01,   1.895180e+00,   1.200656e-03,   4.310092e+02,   7.021387e-01,   1.405326e+02,   1.703838e-02,   1.343676e+01,   6.696673e-04,   1.427698e+01,   1.381249e-03,   1.127404e+01,   2.164937e-03,   1.171251e+01,   4.017526e-03,              3,              0,       1 meters
  10/14/2016 12:38:25.199,   1.875134e+00,   1.845959e-03,   9.347420e+03,   5.227200e+01,   4.295562e+02,   4.576659e-01,   1.892827e+00,   1.897728e-03,   4.336094e+02,   4.723479e-01,   1.405275e+02,   2.556767e-02,   1.343459e+01,   5.566998e-04,   1.428025e+01,   1.021636e-03,   1.127093e+01,   3.166087e-03,   1.170760e+01,   7.081525e-03,              3,              0,       1 meters
  10/14/2016 12:38:30.083,   1.869786e+00,   1.334276e-03,   9.440605e+03,   1.004480e+02,   4.318703e+02,   9.407366e-01,   1.887606e+00,   1.184370e-03,   4.359864e+02,   9.921123e-01,   1.405980e+02,   2.753285e-02,   1.343309e+01,   6.307441e-04,   1.427904e+01,   1.624818e-03,   1.126927e+01,   5.433405e-03,   1.170791e+01,   5.277538e-03,              3,              0,       1 meters
  10/14/2016 12:38:34.967,   1.866802e+00,   1.865851e-03,   9.581605e+03,   1.097918e+02,   4.338356e+02,   9.834158e-01,   1.884862e+00,   1.751196e-03,   4.380327e+02,   1.016625e+00,   1.405892e+02,   1.752594e-02,   1.343117e+01,   8.295459e-04,   1.428530e+01,   3.575439e-03,   1.127323e+01,   4.078915e-03,   1.171077e+01,   4.832781e-03,              3,              0,       1 meters
  10/14/2016 12:38:39.851,   1.862362e+00,   1.468823e-03,   9.536281e+03,   6.800974e+01,   4.360735e+02,   8.188203e-01,   1.880293e+00,   1.434664e-03,   4.402721e+02,   8.379144e-01,   1.405619e+02,   1.425199e-02,   1.342964e+01,   4.784223e-04,   1.429120e+01,   2.098256e-03,   1.127364e+01,   3.458850e-03,   1.171121e+01,   3.930709e-03,              3,              0,       1 meters
  10/14/2016 12:38:44.737,   1.860067e+00,   1.152078e-03,   9.676303e+03,   7.992578e+01,   4.384704e+02,   7.535257e-01,   1.878242e+00,   1.154621e-03,   4.427547e+02,   7.869719e-01,   1.405204e+02,   1.652888e-02,   1.342777e+01,   6.642976e-04,   1.430036e+01,   2.076468e-03,   1.127291e+01,   6.869248e-03,   1.170767e+01,   5.389534e-03,              3,              0,       1 meters
  10/14/2016 12:38:49.621,   1.855161e+00,   2.182100e-03,   9.688158e+03,   1.209297e+02,   4.406215e+02,   7.181501e-01,   1.873310e+00,   2.324004e-03,   4.449321e+02,   7.731594e-01,   1.405454e+02,   2.235630e-02,   1.342624e+01,   2.893059e-04,   1.430318e+01,   9.301248e-04,   1.127005e+01,   3.454663e-03,   1.170740e+01,   6.481825e-03,              3,              0,       1 meters
  10/14/2016 12:38:54.505,   1.852257e+00,   2.476337e-03,   9.692471e+03,   1.639600e+02,   4.429180e+02,   8.539520e-01,   1.870386e+00,   2.774800e-03,   4.472530e+02,   8.762231e-01,   1.406036e+02,   2.586188e-02,   1.342493e+01,   6.113490e-04,   1.430283e+01,   1.167316e-03,   1.126844e+01,   7.152075e-03,   1.170517e+01,   5.509580e-03,              3,              0,       1 meters
  10/14/2016 12:38:59.390,   1.846610e+00,   1.366075e-03,   9.721400e+03,   1.009456e+02,   4.444623e+02,   8.946928e-01,   1.864738e+00,   1.446278e-03,   4.488255e+02,   9.218242e-01,   1.405942e+02,   2.362276e-02,   1.342325e+01,   6.172930e-04,   1.430828e+01,   1.369126e-03,   1.127456e+01,   5.599779e-03,   1.171475e+01,   4.895615e-03,              3,              0,       1 meters
  10/14/2016 12:39:04.275,   1.844541e+00,   2.626124e-03,   9.757086e+03,   1.265826e+02,   4.468925e+02,   6.296012e-01,   1.862715e+00,   2.740275e-03,   4.512958e+02,   6.745566e-01,   1.405534e+02,   1.514106e-02,   1.342191e+01,   3.624120e-04,   1.430969e+01,   1.351374e-03,   1.126947e+01,   4.018311e-03,   1.170628e+01,   7.172116e-03,              3,              0,       1 meters
  10/14/2016 12:39:09.159,   1.842191e+00,   1.002447e-03,   9.851192e+03,   4.754626e+01,   4.492464e+02,   8.050568e-01,   1.860519e+00,   1.060496e-03,   4.537161e+02,   8.094939e-01,   1.405305e+02,   1.841020e-02,   1.342066e+01,   6.986822e-04,   1.431357e+01,   2.722942e-03,   1.126784e+01,   3.025263e-03,   1.170574e+01,   2.880355e-03,              3,              0,       1 meters
  10/14/2016 12:39:14.049,   1.838829e+00,   2.566416e-03,   9.861618e+03,   1.472489e+02,   4.514310e+02,   5.946428e-01,   1.857144e+00,   2.761270e-03,   4.559272e+02,   6.276015e-01,   1.405553e+02,   2.871551e-02,   1.341908e+01,   3.369327e-04,   1.431908e+01,   1.715968e-03,   1.126698e+01,   7.074818e-03,   1.170418e+01,   7.181925e-03,              3,              0,       1 meters
  10/14/2016 12:39:18.935,   1.832935e+00,   2.605469e-03,   9.951513e+03,   8.731729e+01,   4.531097e+02,   9.183358e-01,   1.851359e+00,   2.618248e-03,   4.576642e+02,   9.529793e-01,   1.405959e+02,   2.162872e-02,   1.341788e+01,   1.641778e-04,   1.432123e+01,   1.534963e-03,   1.127356e+01,   3.966160e-03,   1.171098e+01,   4.102197e-03,              3,              0,       1 meters
  10/14/2016 12:39:23.820,   1.830677e+00,   3.030371e-03,   9.979037e+03,   1.950869e+01,   4.556015e+02,   5.984827e-01,   1.849129e+00,   3.085288e-03,   4.601937e+02,   5.999506e-01,   1.405927e+02,   2.259279e-02,   1.341697e+01,   3.124482e-04,   1.432243e+01,   1.516201e-03,   1.126544e+01,   8.140074e-03,   1.170349e+01,   7.488942e-03,              3,              0,       1 meters
  10/14/2016 12:39:28.704,   1.827295e+00,   2.419987e-03,   1.001349e+04,   4.132693e+01,   4.578110e+02,   7.177397e-01,   1.845777e+00,   2.484373e-03,   4.624417e+02,   7.298914e-01,   1.405430e+02,   2.186302e-02,   1.341530e+01,   6.167997e-04,   1.432813e+01,   1.333428e-03,   1.126734e+01,   5.840125e-03,   1.170444e+01,   7.934531e-03,              3,              0,       1 meters
  10/14/2016 12:39:33.587,   1.822354e+00,   1.740746e-03,   9.957097e+03,   1.227562e+02,   4.590884e+02,   8.156994e-01,   1.840682e+00,   1.954809e-03,   4.637056e+02,   8.406411e-01,   1.405306e+02,   1.833610e-02,   1.341415e+01,   4.857528e-04,   1.433153e+01,   1.518117e-03,   1.127030e+01,   4.307073e-03,   1.171159e+01,   5.001993e-03,              3,              0,       1 meters
  10/14/2016 12:39:38.473,   1.820083e+00,   2.013677e-03,   1.008084e+04,   6.571147e+01,   4.613908e+02,   5.663765e-01,   1.838618e+00,   2.096306e-03,   4.660894e+02,   5.559443e-01,   1.405662e+02,   1.477362e-02,   1.341320e+01,   4.301659e-04,   1.433245e+01,   1.299591e-03,   1.126971e+01,   3.030917e-03,   1.171116e+01,   2.410539e-03,              3,              0,       1 meters
  10/14/2016 12:39:43.357,   1.814946e+00,   1.628996e-03,   1.008084e+04,   4.174191e+01,   4.633686e+02,   6.192751e-01,   1.833428e+00,   1.669343e-03,   4.680873e+02,   6.277443e-01,   1.406139e+02,   2.171829e-02,   1.341239e+01,   2.555689e-04,   1.433123e+01,   2.078615e-03,   1.127058e+01,   3.180871e-03,   1.170810e+01,   4.188472e-03,              3,              0,       1 meters
  10/14/2016 12:39:48.242,   1.811935e+00,   2.583114e-03,   1.018855e+04,   4.537428e+01,   4.654324e+02,   7.892974e-01,   1.830586e+00,   2.628997e-03,   4.702232e+02,   7.893012e-01,   1.405827e+02,   1.946679e-02,   1.341124e+01,   2.066182e-04,   1.433397e+01,   1.420902e-03,   1.127394e+01,   5.720554e-03,   1.171003e+01,   6.968195e-03,              3,              0,       1 meters
  10/14/2016 12:39:53.125,   1.808640e+00,   6.480523e-04,   1.016502e+04,   4.003670e+01,   4.671555e+02,   6.044535e-01,   1.827213e+00,   7.176319e-04,   4.719529e+02,   6.262764e-01,   1.405410e+02,   1.842049e-02,   1.340995e+01,   2.571382e-04,   1.433037e+01,   1.717651e-03,   1.127452e+01,   3.419661e-03,   1.171337e+01,   4.384811e-03,              3,              0,       1 meters
  10/14/2016 12:39:58.010,   1.806677e+00,   1.583256e-03,   1.015518e+04,   7.343445e+01,   4.696693e+02,   5.693077e-01,   1.825213e+00,   1.681588e-03,   4.744878e+02,   5.573764e-01,   1.405255e+02,   1.828607e-02,   1.340921e+01,   5.851622e-04,   1.432557e+01,   2.327968e-03,   1.126887e+01,   2.937284e-03,   1.170584e+01,   6.178952e-03,              3,              0,       1 meters
  10/14/2016 12:40:02.895,   1.801126e+00,   1.450577e-03,   1.013746e+04,   6.429845e+01,   4.711546e+02,   6.218837e-01,   1.819571e+00,   1.516755e-03,   4.759799e+02,   6.460303e-01,   1.405880e+02,   2.487997e-02,   1.340832e+01,   4.155234e-04,   1.431680e+01,   4.359584e-03,   1.127159e+01,   4.423138e-03,   1.171010e+01,   4.582111e-03,              3,              0,       1 meters
  10/14/2016 12:40:07.781,   1.799750e+00,   2.627559e-03,   1.026099e+04,   1.288319e+02,   4.729903e+02,   7.447169e-01,   1.818409e+00,   2.754837e-03,   4.778939e+02,   6.954976e-01,   1.406039e+02,   2.098278e-02,   1.340731e+01,   3.609248e-04,   1.430744e+01,   2.145238e-03,   1.126709e+01,   5.433513e-03,   1.171186e+01,   5.535931e-03,              3,              0,       1 meters
  10/14/2016 12:40:12.663,   1.795490e+00,   1.393256e-03,   1.019043e+04,   6.325396e+01,   4.751929e+02,   7.491745e-01,   1.813975e+00,   1.437417e-03,   4.800852e+02,   7.710864e-01,   1.405655e+02,   1.431530e-02,   1.340598e+01,   7.668021e-04,   1.430440e+01,   1.352508e-03,   1.126973e+01,   4.590176e-03,   1.170646e+01,   3.245782e-03,              3,              0,       1 meters
  10/14/2016 12:40:17.548,   1.791146e+00,   1.292491e-03,   1.020891e+04,   5.144549e+01,   4.771872e+02,   8.011843e-01,   1.809620e+00,   1.338518e-03,   4.821090e+02,   8.140857e-01,   1.405315e+02,   2.033508e-02,   1.340470e+01,   1.172449e-04,   1.430450e+01,   1.988467e-03,   1.127320e+01,   2.965137e-03,   1.170779e+01,   4.995487e-03,              3,              0,       1 meters
  10/14/2016 12:40:22.433,   1.787811e+00,   1.308688e-03,   1.022872e+04,   3.604466e+01,   4.791182e+02,   7.521601e-01,   1.806287e+00,   1.318183e-03,   4.840696e+02,   7.744115e-01,   1.405391e+02,   2.255775e-02,   1.340314e+01,   6.448965e-04,   1.431197e+01,   2.509055e-03,   1.127137e+01,   1.023900e-03,   1.170690e+01,   2.351984e-03,              3,              0,       1 meters
  10/14/2016 12:40:27.318,   1.784395e+00,   7.080445e-04,   1.030788e+04,   2.866977e+01,   4.808458e+02,   7.539935e-01,   1.802980e+00,   7.304212e-04,   4.858539e+02,   7.524022e-01,   1.405972e+02,   2.359366e-02,   1.340230e+01,   2.714407e-04,   1.431284e+01,   1.389418e-03,   1.127154e+01,   3.237717e-03,   1.171023e+01,   3.910396e-03,              3,              0,       1 meters
  10/14/2016 12:40:32.201,   1.780032e+00,   1.435116e-03,   1.029261e+04,   3.463390e+01,   4.827321e+02,   5.475709e-01,   1.798544e+00,   1.443903e-03,   4.877523e+02,   5.666949e-01,   1.406117e+02,   2.513587e-02,   1.340086e+01,   5.316044e-04,   1.431412e+01,   2.625492e-03,   1.127131e+01,   3.544275e-03,   1.170970e+01,   3.030579e-03,              3,              0,       1 meters
  10/14/2016 12:40:37.085,   1.777037e+00,   1.588471e-03,   1.029755e+04,   4.909818e+01,   4.847310e+02,   6.343160e-01,   1.795527e+00,   1.576690e-03,   4.897745e+02,   6.412634e-01,   1.405565e+02,   1.675009e-02,   1.339980e+01,   3.648776e-04,   1.431837e+01,   5.145930e-04,   1.127181e+01,   3.389932e-03,   1.170960e+01,   2.098313e-03,              3,              0,       1 meters
  10/14/2016 12:40:41.970,   1.774536e+00,   1.430459e-03,   1.034169e+04,   4.957102e+01,   4.865064e+02,   6.713904e-01,   1.793079e+00,   1.383786e-03,   4.915903e+02,   6.996429e-01,   1.405320e+02,   1.917250e-02,   1.339871e+01,   3.442007e-04,   1.431933e+01,   1.839160e-03,   1.127013e+01,   3.575335e-03,   1.170775e+01,   3.874783e-03,              3,              0,       1 meters
  10/14/2016 12:40:46.853,   1.771118e+00,   2.148463e-03,   1.036871e+04,   2.287793e+01,   4.884330e+02,   5.202407e-01,   1.789674e+00,   2.170768e-03,   4.935505e+02,   5.185843e-01,   1.405551e+02,   2.539298e-02,   1.339738e+01,   5.160778e-04,   1.431838e+01,   1.649491e-03,   1.126837e+01,   3.155240e-03,   1.171047e+01,   2.305498e-03,              3,              0,       1 meters
  10/14/2016 12:40:51.739,   1.767286e+00,   1.054397e-03,   1.038223e+04,   8.403503e+01,   4.903009e+02,   6.802044e-01,   1.785827e+00,   1.078694e-03,   4.954447e+02,   6.625174e-01,   1.406157e+02,   1.969313e-02,   1.339639e+01,   3.265111e-04,   1.431577e+01,   1.254682e-03,   1.127082e+01,   3.556901e-03,   1.170743e+01,   5.059761e-03,              3,              0,       1 meters
  10/14/2016 12:40:56.623,   1.776547e+00,   1.414294e-02,   1.033016e+04,   1.462553e+02,   4.850195e+02,   8.115721e+00,   1.795090e+00,   1.420344e-02,   4.900825e+02,   8.226475e+00,   1.405845e+02,   1.658803e-02,   1.339557e+01,   3.967234e-04,   1.431899e+01,   1.311577e-03,   1.126937e+01,   4.046653e-03,   1.170801e+01,   5.207621e-03,              3,              0,       1 meters
  10/14/2016 12:41:01.508,   1.839452e+00,   1.913068e-02,   9.346965e+03,   4.286029e+02,   4.489689e+02,   1.068371e+01,   1.856801e+00,   1.851966e-02,   4.532087e+02,   1.097797e+01,   1.405397e+02,   1.344542e-02,   1.339658e+01,   2.198255e-03,   1.432007e+01,   1.385980e-03,   1.127243e+01,   6.368009e-03,   1.170932e+01,   4.209937e-03,              3,              0,       1 meters
  10/14/2016 12:41:06.394,   1.884462e+00,   9.553218e-03,   8.186157e+03,   2.764451e+02,   4.248301e+02,   5.007730e+00,   1.900014e+00,   9.132577e-03,   4.283376e+02,   5.163611e+00,   1.405094e+02,   1.879205e-02,   1.339705e+01,   2.668670e-04,   1.432393e+01,   1.382117e-03,   1.127417e+01,   4.257763e-03,   1.171275e+01,   2.827855e-03,              3,              0,       1 meters
  10/14/2016 12:41:11.277,   1.904445e+00,   4.373655e-03,   7.551681e+03,   1.662844e+02,   4.135251e+02,   2.776236e+00,   1.918935e+00,   4.166268e-03,   4.166720e+02,   2.857760e+00,   1.405698e+02,   3.384628e-02,   1.339383e+01,   4.224940e-03,   1.432210e+01,   3.731077e-03,   1.127347e+01,   2.619436e-03,   1.170874e+01,   6.500163e-03,              3,              0,       1 meters
  10/14/2016 12:41:16.161,   1.914249e+00,   2.320956e-03,   7.051068e+03,   1.031736e+02,   4.081362e+02,   7.619962e-01,   1.927843e+00,   2.211241e-03,   4.110345e+02,   8.061543e-01,   1.405947e+02,   2.018501e-02,   1.339301e+01,   3.879694e-03,   1.431797e+01,   1.322803e-03,   1.127438e+01,   2.221845e-03,   1.171503e+01,   3.918925e-03,              3,              0,       1 meters
  10/14/2016 12:41:21.052,   1.920743e+00,   1.765763e-03,   6.701782e+03,   1.395536e+02,   4.045491e+02,   1.151345e+00,   1.933702e+00,   1.655025e-03,   4.072787e+02,   1.215271e+00,   1.405603e+02,   6.523120e-03,   1.339498e+01,   3.890799e-04,   1.431324e+01,   1.841245e-03,   1.127444e+01,   3.658457e-03,   1.171366e+01,   4.219945e-04,              3,              0,       1 meters
  10/14/2016 12:41:25.938,   1.922046e+00,   9.980779e-04,   6.518860e+03,   7.059569e+01,   4.030357e+02,   1.101009e-01,   1.934658e+00,   1.075168e-03,   4.056802e+02,   1.033644e-01,   1.405414e+02,   1.381233e-02,   1.338729e+01,   2.417246e-03,   1.430754e+01,   6.995759e-04,   1.127492e+01,   1.949865e-03,   1.171156e+01,   2.718352e-03,              3,              0,       1 meters
  10/14/2016 12:41:30.822,   1.922809e+00,   1.130431e-03,   6.555630e+03,   4.934927e+01,   4.033488e+02,   4.028524e-01,   1.935497e+00,   1.155810e-03,   4.060105e+02,   3.946390e-01,   1.405257e+02,   2.028429e-02,   1.338269e+01,   4.972351e-04,   1.430016e+01,   4.910917e-03,   1.127455e+01,   1.749215e-03,   1.171117e+01,   3.309979e-03,              3,              0,       1 meters
  10/14/2016 12:41:35.704,   1.923624e+00,   7.359931e-04,   6.453392e+03,   3.000469e+01,   4.097677e+02,   4.938175e+00,   1.936119e+00,   7.203386e-04,   4.124293e+02,   4.967784e+00,   1.405866e+02,   3.643932e-02,   1.338192e+01,   3.267407e-04,   1.427865e+01,   8.628841e-03,   1.127118e+01,   2.710689e-03,   1.171128e+01,   2.082961e-03,              3,              0,       1 meters
  10/14/2016 12:41:40.590,   1.920703e+00,   1.309772e-03,   6.628514e+03,   1.656044e+02,   4.146054e+02,   8.426671e-01,   1.933520e+00,   1.108682e-03,   4.173719e+02,   7.874896e-01,   1.406091e+02,   1.981641e-02,   1.338069e+01,   4.776016e-04,   1.426296e+01,   1.109274e-03,   1.127290e+01,   3.690676e-03,   1.170908e+01,   2.225044e-03,              3,              0,       1 meters
  10/14/2016 12:41:45.476,   1.920054e+00,   9.985494e-04,   6.715668e+03,   6.275921e+01,   4.093998e+02,   1.653411e+00,   1.933035e+00,   1.111250e-03,   4.121679e+02,   1.687172e+00,   1.405682e+02,   7.538460e-03,   1.337971e+01,   2.484888e-04,   1.425747e+01,   1.303284e-03,   1.126950e+01,   1.860549e-03,   1.171076e+01,   3.471136e-03,              3,              0,       1 meters
  10/14/2016 12:41:50.360,   1.919166e+00,   1.059546e-03,   6.855690e+03,   9.700109e+01,   4.064407e+02,   3.479616e-01,   1.932414e+00,   9.532279e-04,   4.092464e+02,   3.235131e-01,   1.405323e+02,   1.791780e-02,   1.337861e+01,   6.523261e-04,   1.425033e+01,   3.127689e-03,   1.127344e+01,   1.395935e-03,   1.171082e+01,   2.100774e-03,              3,              0,       1 meters
  10/14/2016 12:41:55.244,   1.917473e+00,   8.327576e-04,   7.341622e+03,   1.786730e+02,   4.064432e+02,   3.363697e-01,   1.931655e+00,   8.587875e-04,   4.094493e+02,   4.078165e-01,   1.405399e+02,   3.160403e-02,   1.337710e+01,   4.594129e-04,   1.424185e+01,   3.395876e-03,   1.126899e+01,   4.928494e-03,   1.170778e+01,   4.261569e-03,              3,              0,       1 meters
  10/14/2016 12:42:00.128,   1.913729e+00,   1.089314e-03,   7.768192e+03,   1.452872e+02,   4.072079e+02,   6.751853e-01,   1.928711e+00,   1.071910e-03,   4.103959e+02,   7.195298e-01,   1.406012e+02,   2.177094e-02,   1.337575e+01,   3.102157e-04,   1.423113e+01,   4.733009e-03,   1.127004e+01,   4.885586e-03,   1.170965e+01,   6.212724e-03,              3,              0,       1 meters
  10/14/2016 12:42:05.011,   1.907328e+00,   2.699644e-03,   8.141874e+03,   1.370273e+02,   4.086272e+02,   5.454400e-01,   1.922984e+00,   2.498993e-03,   4.119815e+02,   6.037103e-01,   1.405974e+02,   2.671219e-02,   1.337484e+01,   2.466512e-04,   1.422162e+01,   3.068096e-03,   1.127589e+01,   5.254060e-03,   1.171227e+01,   4.205177e-03,              3,              0,       1 meters
  10/14/2016 12:42:09.896,   1.904122e+00,   2.483054e-03,   8.460210e+03,   9.055020e+01,   4.104966e+02,   5.298456e-01,   1.920368e+00,   2.439539e-03,   4.139992e+02,   5.592710e-01,   1.405551e+02,   1.558222e-02,   1.337441e+01,   3.552306e-04,   1.421542e+01,   1.718306e-03,   1.127510e+01,   5.076351e-03,   1.171227e+01,   4.146881e-03,              3,              0,       1 meters
  10/14/2016 12:42:14.781,   1.901247e+00,   1.136312e-03,   8.748547e+03,   9.807663e+01,   4.125211e+02,   3.995734e-01,   1.918026e+00,   1.132268e-03,   4.161619e+02,   4.383529e-01,   1.405230e+02,   1.553630e-02,   1.337319e+01,   7.178443e-04,   1.421322e+01,   6.212205e-04,   1.127308e+01,   5.176229e-03,   1.171086e+01,   7.669231e-03,              3,              0,       1 meters
  10/14/2016 12:42:19.665,   1.895785e+00,   9.056390e-04,   8.908642e+03,   1.133836e+02,   4.145848e+02,   6.259212e-01,   1.912826e+00,   7.938454e-04,   4.183114e+02,   6.510463e-01,   1.405655e+02,   2.818435e-02,   1.337128e+01,   5.606064e-04,   1.421033e+01,   2.062849e-03,   1.127207e+01,   8.385153e-03,   1.171041e+01,   1.579105e-03,              3,              0,       1 meters
  10/14/2016 12:42:24.550,   1.891216e+00,   4.662821e-04,   9.050483e+03,   9.639824e+01,   4.165650e+02,   6.876132e-01,   1.908489e+00,   5.276538e-04,   4.203696e+02,   7.270372e-01,   1.406166e+02,   2.317009e-02,   1.336958e+01,   4.675668e-04,   1.420426e+01,   2.419073e-03,   1.127557e+01,   4.263932e-03,   1.171188e+01,   4.077212e-03,              3,              0,       1 meters
  10/14/2016 12:42:29.435,   1.889548e+00,   1.768223e-03,   9.221295e+03,   1.258321e+02,   4.189319e+02,   8.013827e-01,   1.907134e+00,   1.834783e-03,   4.228311e+02,   8.595810e-01,   1.405861e+02,   1.904812e-02,   1.336822e+01,   3.958292e-04,   1.420603e+01,   1.820474e-03,   1.126925e+01,   1.035266e-02,   1.170556e+01,   5.829357e-03,              3,              0,       1 meters
  10/14/2016 12:42:34.320,   1.884439e+00,   2.121024e-03,   9.367636e+03,   6.261943e+01,   4.210103e+02,   7.487976e-01,   1.902258e+00,   2.162333e-03,   4.249915e+02,   7.617299e-01,   1.405522e+02,   1.449603e-02,   1.336638e+01,   6.220762e-04,   1.420406e+01,   2.195955e-03,   1.127261e+01,   5.983815e-03,   1.171066e+01,   9.334957e-03,              3,              0,       1 meters
  10/14/2016 12:42:39.203,   1.881303e+00,   6.999836e-04,   9.430292e+03,   1.271072e+02,   4.235208e+02,   1.107435e+00,   1.899213e+00,   8.032328e-04,   4.275528e+02,   1.151144e+00,   1.405308e+02,   1.908456e-02,   1.336449e+01,   6.570676e-04,   1.420141e+01,   1.717960e-03,   1.127079e+01,   2.190183e-03,   1.170538e+01,   4.729345e-03,              3,              0,       1 meters
  10/14/2016 12:42:44.088,   1.875838e+00,   1.060366e-03,   9.534061e+03,   1.133039e+02,   4.253472e+02,   6.819632e-01,   1.893894e+00,   9.648594e-04,   4.294416e+02,   7.313410e-01,   1.405850e+02,   3.103469e-02,   1.336295e+01,   5.833173e-04,   1.419696e+01,   1.561281e-03,   1.127172e+01,   5.210876e-03,   1.170944e+01,   4.586304e-03,              3,              0,       1 meters
  10/14/2016 12:42:48.970,   1.871404e+00,   1.696389e-03,   9.559413e+03,   6.099174e+01,   4.271718e+02,   8.754186e-01,   1.889466e+00,   1.738749e-03,   4.312948e+02,   8.916995e-01,   1.406138e+02,   2.487294e-02,   1.336083e+01,   8.720961e-04,   1.419538e+01,   1.245936e-03,   1.127448e+01,   3.222561e-03,   1.171184e+01,   7.332137e-03,              3,              0,       1 meters
  10/14/2016 12:42:53.870,   1.867290e+00,   1.881636e-03,   9.654812e+03,   1.275660e+02,   4.293521e+02,   1.097107e+00,   1.885494e+00,   2.059761e-03,   4.335379e+02,   1.151620e+00,   1.405742e+02,   1.524407e-02,   1.335947e+01,   2.148161e-04,   1.419477e+01,   1.271504e-03,   1.127343e+01,   4.076719e-03,   1.171112e+01,   7.417060e-03,              3,              0,       1 meters
  10/14/2016 12:42:58.755,   1.864340e+00,   1.735738e-03,   9.703992e+03,   9.376720e+01,   4.315178e+02,   7.575159e-01,   1.882609e+00,   1.788978e-03,   4.357463e+02,   7.774944e-01,   1.405478e+02,   1.519726e-02,   1.335767e+01,   8.373050e-04,   1.419636e+01,   8.940722e-04,   1.127512e+01,   4.408282e-03,   1.170996e+01,   4.280665e-03,              3,              0,       1 meters
  10/14/2016 12:43:03.639,   1.861377e+00,   2.012776e-03,   9.822824e+03,   1.058995e+02,   4.337233e+02,   1.038758e+00,   1.879842e+00,   2.160808e-03,   4.380260e+02,   1.070331e+00,   1.405285e+02,   1.980400e-02,   1.335618e+01,   2.617091e-04,   1.419626e+01,   4.965547e-04,   1.127076e+01,   3.087932e-03,   1.170944e+01,   5.673351e-03,              3,              0,       1 meters
  10/14/2016 12:43:08.522,   1.857085e+00,   1.898752e-03,   9.865285e+03,   6.377604e+01,   4.358997e+02,   6.157382e-01,   1.875588e+00,   1.925871e-03,   4.402428e+02,   6.145797e-01,   1.405962e+02,   3.090886e-02,   1.335453e+01,   1.000906e-03,   1.419236e+01,   2.988746e-03,   1.127027e+01,   4.047376e-03,   1.170797e+01,   1.936697e-03,              3,              0,       1 meters
  10/14/2016 12:43:13.408,   1.853047e+00,   2.534846e-03,   9.924973e+03,   6.127553e+01,   4.374518e+02,   9.094144e-01,   1.871622e+00,   2.620905e-03,   4.418370e+02,   9.216511e-01,   1.405995e+02,   2.104682e-02,   1.335272e+01,   5.416457e-04,   1.418632e+01,   1.449447e-03,   1.127210e+01,   3.094912e-03,   1.171523e+01,   3.414781e-03,              3,              0,       1 meters
  10/14/2016 12:43:18.293,   1.848974e+00,   1.482846e-03,   9.941681e+03,   6.948122e+01,   4.400045e+02,   5.750922e-01,   1.867541e+00,   1.612707e-03,   4.444228e+02,   5.601252e-01,   1.405725e+02,   1.609248e-02,   1.335069e+01,   7.310730e-04,   1.418353e+01,   1.524615e-03,   1.127103e+01,   3.626402e-03,   1.170821e+01,   2.245384e-03,              3,              0,       1 meters
  10/14/2016 12:43:23.174,   1.844264e+00,   2.270998e-03,   9.987049e+03,   8.551205e+01,   4.418144e+02,   5.534405e-01,   1.862868e+00,   2.261362e-03,   4.462714e+02,   5.876802e-01,   1.405292e+02,   1.774304e-02,   1.334895e+01,   5.080212e-04,   1.417663e+01,   2.788066e-03,   1.127516e+01,   4.341712e-03,   1.171306e+01,   6.876430e-03,              3,              0,       1 meters
  10/14/2016 12:43:28.060,   1.842024e+00,   2.242255e-03,   1.006330e+04,   6.152244e+01,   4.442666e+02,   4.691376e-01,   1.860749e+00,   2.262123e-03,   4.487829e+02,   4.990587e-01,   1.405517e+02,   2.109762e-02,   1.334667e+01,   7.912169e-04,   1.417090e+01,   9.572921e-04,   1.127038e+01,   4.437438e-03,   1.170536e+01,   4.271460e-03,              3,              0,       1 meters
  10/14/2016 12:43:32.945,   1.835878e+00,   1.037238e-03,   9.958387e+03,   5.984703e+01,   4.456342e+02,   1.075828e+00,   1.854344e+00,   1.027096e-03,   4.501167e+02,   1.109548e+00,   1.406085e+02,   2.642134e-02,   1.334543e+01,   9.485957e-04,   1.416580e+01,   1.579659e-03,   1.127194e+01,   2.330113e-03,   1.171358e+01,   7.354470e-03,              3,              0,       1 meters
  10/14/2016 12:43:37.830,   1.832880e+00,   1.250567e-03,   1.004056e+04,   1.253095e+02,   4.482132e+02,   1.229603e+00,   1.851470e+00,   1.434797e-03,   4.527593e+02,   1.298023e+00,   1.406011e+02,   2.344378e-02,   1.334376e+01,   2.340846e-04,   1.416478e+01,   1.009863e-03,   1.126767e+01,   4.899556e-03,   1.170344e+01,   6.706725e-03,              3,              0,       1 meters
  10/14/2016 12:43:42.714,   1.828871e+00,   1.307747e-03,   1.009003e+04,   5.538279e+01,   4.498412e+02,   6.914278e-01,   1.847512e+00,   1.311064e-03,   4.544264e+02,   6.962190e-01,   1.405500e+02,   2.270740e-02,   1.334187e+01,   5.214846e-04,   1.416211e+01,   2.680907e-03,   1.127335e+01,   2.466704e-03,   1.170915e+01,   4.337023e-03,              3,              0,       1 meters
  10/14/2016 12:43:47.598,   1.827304e+00,   3.492823e-03,   1.012498e+04,   6.129105e+01,   4.520659e+02,   5.853371e-01,   1.845995e+00,   3.584190e-03,   4.566899e+02,   6.095153e-01,   1.405360e+02,   1.880575e-02,   1.333966e+01,   7.201098e-04,   1.415431e+01,   1.496095e-03,   1.126798e+01,   7.542043e-03,   1.170662e+01,   5.836722e-03,              3,              0,       1 meters
  10/14/2016 12:43:52.482,   1.822763e+00,   2.709977e-03,   1.020820e+04,   6.921019e+01,   4.541812e+02,   8.300659e-01,   1.841562e+00,   2.783639e-03,   4.588654e+02,   8.352056e-01,   1.405613e+02,   2.597832e-02,   1.333779e+01,   5.031896e-04,   1.414590e+01,   5.173129e-03,   1.127242e+01,   5.718830e-03,   1.170664e+01,   5.551704e-03,              3,              0,       1 meters
  10/14/2016 12:43:57.368,   1.818462e+00,   2.490371e-03,   1.025578e+04,   5.494580e+01,   4.557374e+02,   5.120659e-01,   1.837305e+00,   2.584605e-03,   4.604598e+02,   5.194843e-01,   1.406186e+02,   2.146311e-02,   1.333582e+01,   4.530946e-04,   1.413469e+01,   1.797827e-03,   1.126821e+01,   4.183360e-03,   1.170858e+01,   3.489078e-03,              3,              0,       1 meters
  10/14/2016 12:44:02.250,   1.813951e+00,   1.248080e-03,   1.021892e+04,   3.583761e+01,   4.575989e+02,   5.988177e-01,   1.832679e+00,   1.301137e-03,   4.623234e+02,   6.022413e-01,   1.405811e+02,   2.632823e-02,   1.333405e+01,   6.549637e-04,   1.413076e+01,   9.957868e-04,   1.127375e+01,   2.111537e-03,   1.171087e+01,   4.747557e-03,              3,              0,       1 meters
  10/14/2016 12:44:07.135,   1.810591e+00,   1.679695e-03,   1.021074e+04,   4.467306e+01,   4.596340e+02,   7.280390e-01,   1.829269e+00,   1.729045e-03,   4.643756e+02,   7.271291e-01,   1.405445e+02,   1.935847e-02,   1.333239e+01,   8.482261e-04,   1.412296e+01,   2.857180e-03,   1.127085e+01,   2.572370e-03,   1.170862e+01,   4.076579e-03,              3,              0,       1 meters
  10/14/2016 12:44:12.021,   1.807182e+00,   2.032340e-03,   1.027039e+04,   8.049556e+01,   4.617582e+02,   4.794881e-01,   1.825935e+00,   2.143494e-03,   4.665498e+02,   5.068755e-01,   1.405384e+02,   1.519269e-02,   1.333024e+01,   7.515766e-04,   1.411635e+01,   1.170901e-03,   1.127003e+01,   4.772729e-03,   1.170716e+01,   4.375736e-03,              3,              0,       1 meters
  10/14/2016 12:44:16.906,   1.803134e+00,   1.340571e-03,   1.030313e+04,   5.456400e+01,   4.631367e+02,   9.169804e-01,   1.821905e+00,   1.350479e-03,   4.679581e+02,   9.186137e-01,   1.405977e+02,   2.387789e-02,   1.332804e+01,   7.413437e-04,   1.411311e+01,   1.645195e-03,   1.126947e+01,   4.508764e-03,   1.171163e+01,   5.949578e-03,              3,              0,       1 meters
  10/14/2016 12:44:21.791,   1.799214e+00,   1.185520e-03,   1.033508e+04,   2.025243e+01,   4.650157e+02,   4.761625e-01,   1.818003e+00,   1.201415e-03,   4.698719e+02,   4.864089e-01,   1.406073e+02,   2.230125e-02,   1.332622e+01,   5.100681e-04,   1.411222e+01,   1.981704e-03,   1.127187e+01,   3.304742e-03,   1.171185e+01,   3.082119e-03,              3,              0,       1 meters
  10/14/2016 12:44:26.674,   1.795527e+00,   1.775107e-03,   1.031416e+04,   8.292638e+01,   4.672138e+02,   5.765451e-01,   1.814239e+00,   1.704702e-03,   4.720830e+02,   6.193284e-01,   1.405708e+02,   2.483714e-02,   1.332436e+01,   4.172400e-04,   1.410764e+01,   8.651952e-04,   1.127440e+01,   3.087166e-03,   1.170708e+01,   9.085232e-04,              3,              0,       1 meters
  10/14/2016 12:44:31.558,   1.791326e+00,   1.249755e-03,   1.038649e+04,   6.864200e+01,   4.690396e+02,   5.304382e-01,   1.810127e+00,   1.157500e-03,   4.739624e+02,   5.399447e-01,   1.405317e+02,   2.062845e-02,   1.332249e+01,   3.572314e-04,   1.410510e+01,   8.944417e-04,   1.127593e+01,   4.910149e-03,   1.171131e+01,   4.127790e-03,              3,              0,       1 meters
  10/14/2016 12:44:36.444,   1.788610e+00,   2.380077e-03,   1.036605e+04,   8.978299e+01,   4.707639e+02,   4.377528e-01,   1.807345e+00,   2.481114e-03,   4.756950e+02,   4.506258e-01,   1.405526e+02,   2.788734e-02,   1.332028e+01,   4.650125e-04,   1.410358e+01,   1.458460e-03,   1.127135e+01,   5.329785e-03,   1.171208e+01,   5.291765e-03,              3,              0,       1 meters
  10/14/2016 12:44:41.328,   1.783779e+00,   1.306397e-03,   1.034135e+04,   1.016468e+02,   4.724836e+02,   5.813393e-01,   1.802418e+00,   1.368727e-03,   4.774208e+02,   6.151642e-01,   1.406061e+02,   2.060668e-02,   1.331823e+01,   7.271740e-04,   1.410331e+01,   1.357430e-03,   1.127319e+01,   2.485052e-03,   1.171068e+01,   4.077113e-03,              3,              0,       1 meters
  10/14/2016 12:44:46.211,   1.780379e+00,   9.149033e-04,   1.039037e+04,   4.020701e+01,   4.742948e+02,   4.852958e-01,   1.799072e+00,   9.385753e-04,   4.792747e+02,   4.982155e-01,   1.406042e+02,   2.613329e-02,   1.331658e+01,   4.896232e-04,   1.410687e+01,   2.213313e-03,   1.126972e+01,   1.418218e-03,   1.170938e+01,   3.323756e-03,              3,              0,       1 meters
  10/14/2016 12:44:51.095,   1.777081e+00,   1.807515e-03,   1.040069e+04,   4.802844e+01,   4.760575e+02,   5.574903e-01,   1.795758e+00,   1.888134e-03,   4.810609e+02,   5.671839e-01,   1.405505e+02,   1.786183e-02,   1.331452e+01,   6.177662e-04,   1.410894e+01,   1.204535e-03,   1.127185e+01,   2.616845e-03,   1.171217e+01,   4.935012e-03,              3,              0,       1 meters
  10/14/2016 12:44:55.981,   1.774124e+00,   2.964844e-03,   1.037020e+04,   1.096842e+02,   4.782309e+02,   6.570813e-01,   1.792715e+00,   3.120002e-03,   4.832423e+02,   6.651804e-01,   1.405425e+02,   1.847501e-02,   1.331235e+01,   4.133596e-04,   1.410987e+01,   1.262361e-03,   1.126780e+01,   6.574498e-03,   1.170537e+01,   4.500282e-03,              3,              0,       1 meters
  10/14/2016 12:45:00.866,   1.770160e+00,   1.999810e-03,   1.043944e+04,   8.903521e+01,   4.794280e+02,   5.562127e-01,   1.788834e+00,   2.078393e-03,   4.844857e+02,   5.612580e-01,   1.405661e+02,   3.047362e-02,   1.331051e+01,   4.508386e-04,   1.410941e+01,   2.619020e-03,   1.127443e+01,   2.306844e-03,   1.171490e+01,   6.700652e-03,              3,              0,       1 meters
  10/14/2016 12:45:05.748,   1.766860e+00,   1.747566e-03,   1.045682e+04,   2.479312e+01,   4.815347e+02,   5.388609e-01,   1.785531e+00,   1.803445e-03,   4.866232e+02,   5.342996e-01,   1.406222e+02,   1.808424e-02,   1.330904e+01,   4.779593e-04,   1.410376e+01,   1.775594e-03,   1.127147e+01,   1.246808e-03,   1.171009e+01,   1.811319e-03,              3,              0,       1 meters
  10/14/2016 12:45:10.634,   1.763072e+00,   1.233357e-03,   1.049382e+04,   5.488402e+01,   4.833378e+02,   4.262931e-01,   1.781770e+00,   1.321605e-03,   4.884636e+02,   4.170134e-01,   1.405813e+02,   1.585341e-02,   1.330715e+01,   5.881913e-04,   1.409825e+01,   2.809822e-03,   1.126796e+01,   1.902754e-03,   1.170938e+01,   3.048977e-03,              3,              0,       1 meters
  10/14/2016 12:45:15.519,   1.759243e+00,   5.807781e-04,   1.050152e+04,   3.848568e+01,   4.852094e+02,   5.331452e-01,   1.777914e+00,   6.237030e-04,   4.903589e+02,   5.353077e-01,   1.405467e+02,   1.885678e-02,   1.330528e+01,   6.436143e-04,   1.408514e+01,   3.774159e-03,   1.127199e+01,   3.909810e-03,   1.171098e+01,   3.583878e-03,              3,              0,       1 meters
  10/14/2016 12:45:20.405,   1.755992e+00,   1.214943e-03,   1.050757e+04,   2.902530e+01,   4.869704e+02,   7.710887e-01,   1.774639e+00,   1.199644e-03,   4.921416e+02,   7.854634e-01,   1.405340e+02,   2.115949e-02,   1.330347e+01,   6.701725e-04,   1.407330e+01,   2.267354e-03,   1.127033e+01,   2.543285e-03,   1.170901e+01,   3.468652e-03,              3,              0,       1 meters
  10/14/2016 12:45:25.289,   1.752341e+00,   1.412536e-03,   1.055275e+04,   3.288180e+01,   4.885151e+02,   5.242466e-01,   1.771030e+00,   1.385174e-03,   4.937253e+02,   5.359560e-01,   1.405957e+02,   2.722080e-02,   1.330212e+01,   6.104076e-04,   1.406076e+01,   5.726826e-03,   1.127069e+01,   3.486539e-03,   1.171119e+01,   2.332242e-03,              3,              0,       1 meters
  10/14/2016 12:45:30.179,   1.748094e+00,   1.657809e-03,   1.049696e+04,   3.667891e+01,   4.901282e+02,   4.977954e-01,   1.766638e+00,   1.715887e-03,   4.953277e+02,   4.873827e-01,   1.406160e+02,   2.190464e-02,   1.329995e+01,   8.888347e-04,   1.404491e+01,   5.160823e-03,   1.127137e+01,   2.246713e-03,   1.171120e+01,   3.126953e-03,              3,              0,       1 meters
  10/14/2016 12:45:35.062,   1.745025e+00,   1.551764e-03,   1.055061e+04,   2.707178e+01,   4.918969e+02,   6.114315e-01,   1.763632e+00,   1.589954e-03,   4.971420e+02,   6.159528e-01,   1.405711e+02,   1.659507e-02,   1.329825e+01,   7.548985e-04,   1.402796e+01,   5.225075e-03,   1.127115e+01,   2.407828e-03,   1.171090e+01,   1.857408e-03,              3,              0,       1 meters
  10/14/2016 12:45:39.946,   1.741653e+00,   1.727354e-03,   1.054633e+04,   3.416645e+01,   4.938129e+02,   6.274170e-01,   1.760216e+00,   1.765362e-03,   4.990764e+02,   6.351803e-01,   1.405484e+02,   1.623424e-02,   1.329663e+01,   4.049393e-04,   1.400853e+01,   5.194604e-03,   1.127092e+01,   3.788824e-03,   1.171096e+01,   2.616766e-03,              3,              0,       1 meters
  10/14/2016 12:45:44.837,   1.738370e+00,   1.801770e-03,   1.058336e+04,   2.318460e+01,   4.953902e+02,   5.392255e-01,   1.756965e+00,   1.787341e-03,   5.006892e+02,   5.512523e-01,   1.405521e+02,   2.084455e-02,   1.329453e+01,   7.330530e-04,   1.399224e+01,   4.346728e-03,   1.127043e+01,   1.757159e-03,   1.171196e+01,   1.560093e-03,              3,              0,       1 meters
  10/14/2016 12:45:49.724,   1.734570e+00,   8.227049e-04,   1.056360e+04,   2.291866e+01,   4.970325e+02,   4.786978e-01,   1.753089e+00,   8.007953e-04,   5.023390e+02,   4.896776e-01,   1.406018e+02,   2.606439e-02,   1.329243e+01,   9.181004e-04,   1.397492e+01,   6.653577e-03,   1.127347e+01,   2.344185e-03,   1.170900e+01,   3.643347e-03,              3,              0,       1 meters
  10/14/2016 12:45:54.611,   1.731441e+00,   9.655328e-04,   1.059798e+04,   4.926930e+01,   4.988501e+02,   5.203239e-01,   1.749988e+00,   1.051548e-03,   5.041935e+02,   5.214565e-01,   1.406026e+02,   2.055917e-02,   1.329063e+01,   6.678039e-04,   1.395956e+01,   3.192135e-03,   1.127151e+01,   1.815243e-03,   1.170892e+01,   2.652114e-03,              3,              0,       1 meters
  10/14/2016 12:45:59.504,   1.727390e+00,   1.084205e-03,   1.059726e+04,   1.073901e+02,   5.008245e+02,   8.199843e-01,   1.745892e+00,   1.223744e-03,   5.061888e+02,   8.664122e-01,   1.405750e+02,   1.527725e-02,   1.328839e+01,   8.718794e-04,   1.395324e+01,   7.000216e-04,   1.127145e+01,   3.621445e-03,   1.170608e+01,   8.118172e-03,              3,              0,       1 meters
  10/14/2016 12:46:04.387,   1.724669e+00,   3.839372e-04,   1.061723e+04,   2.081643e+01,   5.024207e+02,   8.507315e-01,   1.743176e+00,   4.231022e-04,   5.078123e+02,   8.674813e-01,   1.405418e+02,   2.121355e-02,   1.328593e+01,   7.540503e-04,   1.395047e+01,   1.701605e-03,   1.126917e+01,   2.850850e-03,   1.170924e+01,   3.469355e-03,              3,              0,       1 meters
  10/14/2016 12:46:09.273,   1.721608e+00,   2.072888e-03,   1.067803e+04,   7.821110e+01,   5.042752e+02,   6.747623e-01,   1.740189e+00,   2.064726e-03,   5.097180e+02,   7.088994e-01,   1.405568e+02,   2.836775e-02,   1.328395e+01,   5.450447e-04,   1.395490e+01,   1.755436e-03,   1.127022e+01,   9.770592e-03,   1.170788e+01,   7.123828e-03,              3,              0,       1 meters
  10/14/2016 12:46:14.155,   1.716952e+00,   1.501160e-03,   1.065203e+04,   5.158354e+01,   5.057416e+02,   4.625925e-01,   1.735438e+00,   1.547770e-03,   5.111868e+02,   4.711190e-01,   1.406131e+02,   2.078834e-02,   1.328166e+01,   8.432389e-04,   1.395535e+01,   1.229753e-03,   1.127366e+01,   3.959408e-03,   1.170931e+01,   2.535935e-03,              3,              0,       1 meters
  10/14/2016 12:46:19.042,   1.713392e+00,   1.415705e-03,   1.067225e+04,   5.202759e+01,   5.071098e+02,   5.264918e-01,   1.731875e+00,   1.404093e-03,   5.125802e+02,   5.383387e-01,   1.406049e+02,   1.814189e-02,   1.327910e+01,   9.903602e-04,   1.396353e+01,   3.198259e-03,   1.127235e+01,   2.622517e-03,   1.171139e+01,   3.506344e-03,              3,              0,       1 meters
  10/14/2016 12:46:23.930,   1.710981e+00,   2.059054e-03,   1.070686e+04,   8.527566e+01,   5.086758e+02,   3.737949e-01,   1.729499e+00,   2.181357e-03,   5.141811e+02,   3.419792e-01,   1.405668e+02,   1.656251e-02,   1.327705e+01,   7.918405e-04,   1.397205e+01,   2.788807e-03,   1.127341e+01,   6.289207e-03,   1.171343e+01,   6.759535e-03,              3,              0,       1 meters
  10/14/2016 12:46:28.817,   1.707625e+00,   1.007376e-03,   1.068304e+04,   3.067437e+01,   5.105980e+02,   7.027018e-01,   1.726064e+00,   1.030717e-03,   5.161116e+02,   7.044083e-01,   1.405416e+02,   2.282181e-02,   1.327472e+01,   9.013434e-04,   1.398440e+01,   4.477526e-03,   1.126842e+01,   2.479770e-03,   1.171016e+01,   1.375983e-03,              3,              0,       1 meters
