VC:2f90039 BD:Jan 16 2014 SN:LGR-14-0208
                     Time,      [CH4]_ppm,   [CH4]_ppm_sd,      [H2O]_ppm,   [H2O]_ppm_sd,      [CO2]_ppm,   [CO2]_ppm_sd,     [CH4]d_ppm,  [CH4]d_ppm_sd,     [CO2]d_ppm,  [CO2]d_ppm_sd,      GasP_torr,   GasP_torr_sd,         GasT_C,      GasT_C_sd,         AmbT_C,      AmbT_C_sd,         RD0_us,      RD0_us_sd,         RD1_us,      RD1_us_sd,       Fit_Flag,      MIU_VALVE,       MIU_DESC
  10/14/2016 12:07:09.199,   1.926625e+00,   1.802127e-03,   6.663462e+03,   8.702634e+01,   4.810322e+02,   1.682940e+01,   1.939549e+00,   1.912134e-03,   4.842600e+02,   1.697710e+01,   1.405725e+02,   5.337091e-03,   1.260269e+01,   1.180274e-03,   1.374290e+01,   8.166478e-03,   1.126674e+01,   5.235155e-03,   1.170890e+01,   5.728029e-03,              3,              0,       1 meters
  10/14/2016 12:07:14.082,   1.926288e+00,   1.704591e-03,   6.833615e+03,   8.877429e+01,   5.388621e+02,   1.032055e+01,   1.939542e+00,   1.716438e-03,   5.425697e+02,   1.038298e+01,   1.405422e+02,   1.795711e-02,   1.260543e+01,   1.001237e-03,   1.376347e+01,   7.258614e-03,   1.127153e+01,   4.641182e-03,   1.171130e+01,   4.466636e-03,              3,              0,       1 meters
  10/14/2016 12:07:18.967,   1.926419e+00,   1.623932e-03,   6.803016e+03,   1.006929e+02,   5.112955e+02,   1.835035e+01,   1.939614e+00,   1.788481e-03,   5.147987e+02,   1.850754e+01,   1.405644e+02,   2.715782e-02,   1.260935e+01,   9.478583e-04,   1.378302e+01,   6.310290e-03,   1.127121e+01,   3.499565e-03,   1.170995e+01,   5.213912e-03,              3,              0,       1 meters
  10/14/2016 12:07:23.850,   1.926291e+00,   1.602878e-03,   6.694529e+03,   3.748441e+01,   4.646167e+02,   1.035971e+01,   1.939274e+00,   1.632791e-03,   4.677481e+02,   1.043559e+01,   1.406255e+02,   2.496992e-02,   1.261252e+01,   1.011204e-03,   1.379797e+01,   4.189241e-03,   1.126842e+01,   4.720368e-03,   1.171107e+01,   6.763500e-03,              3,              0,       1 meters
  10/14/2016 12:07:28.736,   1.925789e+00,   1.322952e-03,   6.658294e+03,   5.683874e+01,   4.391090e+02,   6.718851e+00,   1.938697e+00,   1.222603e-03,   4.420525e+02,   6.780128e+00,   1.406004e+02,   1.717107e-02,   1.261640e+01,   1.358237e-03,   1.382022e+01,   8.407861e-03,   1.127377e+01,   5.275900e-03,   1.171125e+01,   5.955437e-03,              3,              0,       1 meters
  10/14/2016 12:07:33.619,   1.926936e+00,   1.269516e-03,   6.560806e+03,   9.429022e+01,   4.208895e+02,   4.193729e+00,   1.939662e+00,   1.425793e-03,   4.236692e+02,   4.236847e+00,   1.405658e+02,   1.455742e-02,   1.261940e+01,   1.220932e-03,   1.384757e+01,   8.083730e-03,   1.127077e+01,   3.397601e-03,   1.171297e+01,   4.193641e-03,              3,              0,       1 meters
  10/14/2016 12:07:38.503,   1.928013e+00,   1.928039e-03,   6.456155e+03,   1.301586e+02,   4.108117e+02,   2.331472e+00,   1.940542e+00,   2.115919e-03,   4.134814e+02,   2.389738e+00,   1.405353e+02,   1.552926e-02,   1.262279e+01,   1.305962e-03,   1.387221e+01,   6.960973e-03,   1.126897e+01,   4.851916e-03,   1.171050e+01,   2.897901e-03,              3,              0,       1 meters
  10/14/2016 12:07:43.388,   1.928356e+00,   1.824277e-03,   6.385591e+03,   1.090534e+02,   4.059455e+02,   1.145164e+00,   1.940749e+00,   1.924855e-03,   4.085543e+02,   1.117559e+00,   1.405845e+02,   2.818465e-02,   1.262691e+01,   1.546373e-03,   1.389298e+01,   6.475517e-03,   1.126758e+01,   6.851116e-03,   1.170785e+01,   5.189107e-03,              3,              0,       1 meters
  10/14/2016 12:07:48.273,   1.927199e+00,   1.283372e-03,   6.415547e+03,   1.298137e+02,   4.032651e+02,   4.430754e-01,   1.939643e+00,   1.497690e-03,   4.058690e+02,   4.456968e-01,   1.406159e+02,   2.089356e-02,   1.263021e+01,   1.336808e-03,   1.391517e+01,   6.735134e-03,   1.127412e+01,   2.915922e-03,   1.171067e+01,   4.731098e-03,              3,              0,       1 meters
  10/14/2016 12:07:53.157,   1.927690e+00,   3.057568e-03,   6.646437e+03,   1.556160e+02,   4.031173e+02,   4.540223e-01,   1.940588e+00,   3.180548e-03,   4.058145e+02,   5.069632e-01,   1.406000e+02,   1.938690e-02,   1.263359e+01,   1.351338e-03,   1.393312e+01,   4.153153e-03,   1.126991e+01,   6.392915e-03,   1.171316e+01,   4.652291e-03,              3,              0,       1 meters
  10/14/2016 12:07:58.041,   1.924851e+00,   2.140278e-03,   7.146555e+03,   1.512905e+02,   4.046877e+02,   4.469981e-01,   1.938706e+00,   2.069378e-03,   4.076007e+02,   5.080699e-01,   1.405501e+02,   2.216380e-02,   1.263806e+01,   1.561678e-03,   1.394720e+01,   4.888705e-03,   1.126618e+01,   6.644991e-03,   1.170949e+01,   3.973247e-03,              3,              0,       1 meters
  10/14/2016 12:08:02.926,   1.922825e+00,   2.390147e-03,   7.778921e+03,   1.501659e+02,   4.059645e+02,   5.009772e-01,   1.937900e+00,   2.180887e-03,   4.091473e+02,   5.592764e-01,   1.405488e+02,   1.757928e-02,   1.264231e+01,   1.043818e-03,   1.396259e+01,   3.803762e-03,   1.126636e+01,   5.212112e-03,   1.170906e+01,   5.981850e-03,              3,              0,       1 meters
  10/14/2016 12:08:07.811,   1.919052e+00,   1.741748e-03,   8.496728e+03,   2.085441e+02,   4.078192e+02,   5.887963e-01,   1.935497e+00,   1.961959e-03,   4.113141e+02,   6.730801e-01,   1.405985e+02,   2.254741e-02,   1.264748e+01,   2.046130e-03,   1.397341e+01,   2.132959e-03,   1.126921e+01,   2.998050e-03,   1.170972e+01,   4.391485e-03,              3,              0,       1 meters
  10/14/2016 12:08:12.698,   1.916954e+00,   2.893448e-03,   8.913687e+03,   1.963218e+02,   4.094791e+02,   5.995148e-01,   1.934195e+00,   2.923199e-03,   4.131620e+02,   6.819574e-01,   1.406284e+02,   2.465592e-02,   1.265153e+01,   1.160428e-03,   1.397531e+01,   8.252922e-04,   1.127120e+01,   7.169573e-03,   1.171426e+01,   4.479312e-03,              3,              0,       1 meters
  10/14/2016 12:08:17.581,   1.914815e+00,   2.771342e-03,   9.275528e+03,   1.722086e+02,   4.115133e+02,   8.040298e-01,   1.932742e+00,   2.935299e-03,   4.153662e+02,   8.829265e-01,   1.405907e+02,   1.711490e-02,   1.265608e+01,   1.471735e-03,   1.397388e+01,   1.557934e-03,   1.127005e+01,   7.331148e-03,   1.171465e+01,   6.760025e-03,              3,              0,       1 meters
  10/14/2016 12:08:22.466,   1.911857e+00,   1.346821e-03,   9.456692e+03,   1.186462e+02,   4.135886e+02,   9.135953e-01,   1.930110e+00,   1.549526e-03,   4.175371e+02,   9.598544e-01,   1.405480e+02,   1.922443e-02,   1.265973e+01,   1.150507e-03,   1.396976e+01,   1.705414e-03,   1.127003e+01,   2.766781e-03,   1.171197e+01,   3.576460e-03,              3,              0,       1 meters
  10/14/2016 12:08:27.351,   1.912451e+00,   2.410460e-03,   9.783839e+03,   1.058301e+02,   4.162062e+02,   5.952925e-01,   1.931347e+00,   2.444260e-03,   4.203185e+02,   6.321848e-01,   1.405488e+02,   1.828459e-02,   1.266355e+01,   1.417045e-03,   1.396971e+01,   1.461367e-03,   1.126596e+01,   5.659183e-03,   1.170770e+01,   7.557576e-03,              3,              0,       1 meters
  10/14/2016 12:08:32.236,   1.908901e+00,   1.314685e-03,   9.917800e+03,   5.348786e+01,   4.180684e+02,   9.510642e-01,   1.928023e+00,   1.337250e-03,   4.222563e+02,   9.783570e-01,   1.406114e+02,   8.595010e-03,   1.266777e+01,   1.184043e-03,   1.396913e+01,   1.850586e-03,   1.127005e+01,   4.876413e-03,   1.171136e+01,   6.225776e-03,              3,              0,       1 meters
  10/14/2016 12:08:37.121,   1.908325e+00,   8.553099e-04,   1.010559e+04,   1.038127e+02,   4.204253e+02,   1.174937e+00,   1.927807e+00,   1.005479e-03,   4.247174e+02,   1.223150e+00,   1.406163e+02,   2.261932e-02,   1.267135e+01,   8.810678e-04,   1.397399e+01,   2.875808e-03,   1.126699e+01,   5.591258e-03,   1.170749e+01,   5.340776e-03,              3,              0,       1 meters
  10/14/2016 12:08:42.004,   1.905839e+00,   2.450574e-03,   1.025070e+04,   8.346864e+01,   4.223274e+02,   6.396825e-01,   1.925578e+00,   2.561606e-03,   4.267014e+02,   6.681294e-01,   1.405785e+02,   2.446824e-02,   1.267477e+01,   9.885014e-04,   1.397595e+01,   1.900488e-03,   1.126984e+01,   4.264407e-03,   1.171134e+01,   7.550287e-03,              3,              0,       1 meters
  10/14/2016 12:08:46.888,   1.904451e+00,   1.946973e-03,   1.034587e+04,   1.187158e+02,   4.245030e+02,   8.153333e-01,   1.924360e+00,   2.025160e-03,   4.289408e+02,   8.667387e-01,   1.405427e+02,   2.011834e-02,   1.267815e+01,   1.243068e-03,   1.397219e+01,   1.586836e-03,   1.126746e+01,   6.166920e-03,   1.171230e+01,   3.271289e-03,              3,              0,       1 meters
  10/14/2016 12:08:51.773,   1.902293e+00,   5.417032e-04,   1.046182e+04,   5.416725e+01,   4.268019e+02,   8.450275e-01,   1.922405e+00,   5.332801e-04,   4.313143e+02,   8.745267e-01,   1.405713e+02,   1.693403e-02,   1.268123e+01,   1.113016e-03,   1.397241e+01,   1.822357e-03,   1.126880e+01,   3.847920e-03,   1.171046e+01,   4.667365e-03,              3,              0,       1 meters
  10/14/2016 12:08:56.659,   1.900562e+00,   2.078555e-03,   1.055280e+04,   1.260918e+02,   4.288408e+02,   6.617930e-01,   1.920833e+00,   2.105135e-03,   4.334145e+02,   6.649150e-01,   1.406268e+02,   1.893293e-02,   1.268436e+01,   1.059495e-03,   1.396982e+01,   1.728316e-03,   1.126980e+01,   3.203330e-03,   1.171553e+01,   4.816009e-03,              3,              0,       1 meters
  10/14/2016 12:09:01.541,   1.898079e+00,   2.452121e-03,   1.060974e+04,   8.459406e+01,   4.309998e+02,   5.746764e-01,   1.918433e+00,   2.492898e-03,   4.356217e+02,   6.048495e-01,   1.406137e+02,   2.726617e-02,   1.268740e+01,   9.260657e-04,   1.396850e+01,   1.973827e-03,   1.126964e+01,   5.152012e-03,   1.171405e+01,   8.148647e-03,              3,              0,       1 meters
  10/14/2016 12:09:06.425,   1.896348e+00,   7.274730e-04,   1.067128e+04,   5.403232e+01,   4.335660e+02,   7.362448e-01,   1.916803e+00,   7.601041e-04,   4.382426e+02,   7.659599e-01,   1.405678e+02,   1.720274e-02,   1.269037e+01,   8.407776e-04,   1.397185e+01,   1.474130e-03,   1.127052e+01,   3.246456e-03,   1.170949e+01,   3.914346e-03,              3,              0,       1 meters
  10/14/2016 12:09:11.311,   1.894606e+00,   1.100902e-03,   1.069507e+04,   7.803539e+01,   4.358134e+02,   8.238026e-01,   1.915088e+00,   1.208480e-03,   4.405248e+02,   8.186592e-01,   1.405386e+02,   2.026604e-02,   1.269270e+01,   6.285373e-04,   1.397979e+01,   2.969577e-03,   1.126613e+01,   6.021413e-03,   1.171103e+01,   4.385795e-03,              3,              0,       1 meters
  10/14/2016 12:09:16.196,   1.892168e+00,   1.379772e-03,   1.082051e+04,   9.810065e+01,   4.380637e+02,   6.266666e-01,   1.912866e+00,   1.516705e-03,   4.428556e+02,   6.710652e-01,   1.405854e+02,   2.916209e-02,   1.269514e+01,   9.105335e-04,   1.398836e+01,   2.269250e-03,   1.126739e+01,   5.505601e-03,   1.170895e+01,   3.846366e-03,              3,              0,       1 meters
  10/14/2016 12:09:21.080,   1.889912e+00,   1.400879e-03,   1.096609e+04,   4.128329e+01,   4.398533e+02,   9.152482e-01,   1.910867e+00,   1.431855e-03,   4.447302e+02,   9.239582e-01,   1.406355e+02,   1.894665e-02,   1.269828e+01,   1.096119e-03,   1.399106e+01,   2.077207e-03,   1.127321e+01,   4.798915e-03,   1.171683e+01,   6.054810e-03,              3,              0,       1 meters
  10/14/2016 12:09:25.964,   1.888562e+00,   9.278960e-04,   1.096939e+04,   8.574417e+01,   4.423137e+02,   1.052713e+00,   1.909508e+00,   9.861058e-04,   4.472195e+02,   1.074014e+00,   1.405914e+02,   1.523498e-02,   1.270090e+01,   6.091460e-04,   1.399693e+01,   2.490431e-03,   1.127190e+01,   2.413819e-03,   1.171376e+01,   6.410823e-03,              3,              0,       1 meters
  10/14/2016 12:09:30.848,   1.887503e+00,   1.022179e-03,   1.097692e+04,   9.100382e+01,   4.449163e+02,   8.694071e-01,   1.908452e+00,   1.006201e-03,   4.498544e+02,   8.963563e-01,   1.405553e+02,   1.919707e-02,   1.270320e+01,   1.206777e-03,   1.400552e+01,   3.606733e-03,   1.126958e+01,   5.144801e-03,   1.170949e+01,   5.903269e-03,              3,              0,       1 meters
  10/14/2016 12:09:35.734,   1.885983e+00,   1.130829e-03,   1.107907e+04,   1.140266e+02,   4.471164e+02,   6.493722e-01,   1.907112e+00,   1.309435e-03,   4.521256e+02,   6.978120e-01,   1.405471e+02,   2.219857e-02,   1.270648e+01,   7.109987e-04,   1.401543e+01,   4.326109e-03,   1.126727e+01,   3.953124e-03,   1.170729e+01,   6.220674e-03,              3,              0,       1 meters
  10/14/2016 12:09:40.619,   1.883329e+00,   1.911450e-03,   1.107955e+04,   5.013704e+01,   4.487370e+02,   6.356214e-01,   1.904429e+00,   1.948439e-03,   4.537645e+02,   6.424502e-01,   1.406102e+02,   2.591546e-02,   1.270846e+01,   7.791828e-04,   1.402667e+01,   2.001135e-03,   1.127234e+01,   4.019121e-03,   1.171635e+01,   4.654493e-03,              3,              0,       1 meters
  10/14/2016 12:09:45.502,   1.881537e+00,   9.780557e-04,   1.108684e+04,   5.159523e+01,   4.511906e+02,   8.458726e-01,   1.902631e+00,   9.890251e-04,   4.562490e+02,   8.421152e-01,   1.406099e+02,   2.239461e-02,   1.271100e+01,   7.035153e-04,   1.403715e+01,   5.644645e-03,   1.126810e+01,   2.776397e-03,   1.170998e+01,   3.520696e-03,              3,              0,       1 meters
  10/14/2016 12:09:50.386,   1.879144e+00,   1.331651e-03,   1.112073e+04,   7.662284e+01,   4.534977e+02,   8.339697e-01,   1.900277e+00,   1.420507e-03,   4.585976e+02,   8.285995e-01,   1.405805e+02,   1.656306e-02,   1.271309e+01,   8.134117e-04,   1.405934e+01,   7.834981e-03,   1.126928e+01,   6.521210e-03,   1.170953e+01,   3.720313e-03,              3,              0,       1 meters
  10/14/2016 12:09:55.272,   1.877450e+00,   1.289445e-03,   1.117300e+04,   7.176746e+01,   4.557517e+02,   7.774629e-01,   1.898664e+00,   1.191767e-03,   4.609014e+02,   8.035305e-01,   1.405425e+02,   1.847963e-02,   1.271563e+01,   5.383704e-04,   1.407362e+01,   4.856023e-03,   1.126816e+01,   3.264207e-03,   1.171133e+01,   2.676543e-03,              3,              0,       1 meters
  10/14/2016 12:10:00.156,   1.875649e+00,   4.716348e-04,   1.124853e+04,   5.304793e+01,   4.582361e+02,   9.334280e-01,   1.896988e+00,   4.770330e-04,   4.634493e+02,   9.523371e-01,   1.405606e+02,   2.207837e-02,   1.271827e+01,   1.016719e-03,   1.409142e+01,   7.558864e-03,   1.126841e+01,   2.925038e-03,   1.170953e+01,   3.513611e-03,              3,              0,       1 meters
  10/14/2016 12:10:05.040,   1.872064e+00,   2.399327e-03,   1.122926e+04,   8.182621e+01,   4.602777e+02,   8.174596e-01,   1.893324e+00,   2.445237e-03,   4.655050e+02,   8.197249e-01,   1.406303e+02,   1.702757e-02,   1.272068e+01,   1.309797e-03,   1.410947e+01,   4.799141e-03,   1.126663e+01,   7.659511e-03,   1.171027e+01,   5.030880e-03,              3,              0,       1 meters
  10/14/2016 12:10:09.924,   1.871094e+00,   6.080484e-04,   1.130131e+04,   9.031382e+01,   4.622250e+02,   6.761901e-01,   1.892482e+00,   7.271437e-04,   4.675085e+02,   6.839005e-01,   1.406077e+02,   2.118009e-02,   1.272413e+01,   7.594986e-04,   1.412875e+01,   6.623411e-03,   1.127048e+01,   2.944492e-03,   1.171405e+01,   2.952306e-03,              3,              0,       1 meters
  10/14/2016 12:10:14.809,   1.868872e+00,   1.299591e-03,   1.123522e+04,   1.177335e+02,   4.643905e+02,   1.001748e+00,   1.890108e+00,   1.531668e-03,   4.696673e+02,   1.028123e+00,   1.405666e+02,   6.950622e-03,   1.272696e+01,   9.241110e-04,   1.414437e+01,   4.211123e-03,   1.126711e+01,   2.565646e-03,   1.171088e+01,   4.689565e-03,              3,              0,       1 meters
  10/14/2016 12:10:19.694,   1.869616e+00,   2.093859e-03,   1.134779e+04,   9.384354e+01,   4.668871e+02,   7.356152e-01,   1.891076e+00,   2.243288e-03,   4.722461e+02,   7.637548e-01,   1.405460e+02,   1.819302e-02,   1.272988e+01,   1.270361e-03,   1.415778e+01,   4.732083e-03,   1.126584e+01,   5.266647e-03,   1.170747e+01,   6.565104e-03,              3,              0,       1 meters
  10/14/2016 12:10:24.578,   1.867005e+00,   1.328607e-03,   1.131228e+04,   1.316341e+02,   4.689239e+02,   7.564145e-01,   1.888367e+00,   1.529631e-03,   4.742892e+02,   7.920580e-01,   1.405833e+02,   3.860199e-02,   1.273315e+01,   1.318291e-03,   1.417480e+01,   1.879319e-03,   1.126536e+01,   2.336066e-03,   1.170704e+01,   4.668464e-03,              3,              0,       1 meters
  10/14/2016 12:10:29.461,   1.863934e+00,   2.197868e-03,   1.134559e+04,   4.624679e+01,   4.709955e+02,   8.847781e-01,   1.885324e+00,   2.259287e-03,   4.764006e+02,   8.937926e-01,   1.406298e+02,   2.003022e-02,   1.273672e+01,   1.374901e-03,   1.418172e+01,   4.372968e-03,   1.126639e+01,   3.844183e-03,   1.171004e+01,   3.730506e-03,              3,              0,       1 meters
  10/14/2016 12:10:34.347,   1.860763e+00,   2.521846e-03,   1.141539e+04,   9.820839e+01,   4.731715e+02,   6.066402e-01,   1.882250e+00,   2.714088e-03,   4.786353e+02,   6.249318e-01,   1.405891e+02,   1.102906e-02,   1.274054e+01,   1.090610e-03,   1.419533e+01,   1.427793e-03,   1.126659e+01,   5.998089e-03,   1.171057e+01,   7.000171e-03,              3,              0,       1 meters
  10/14/2016 12:10:39.232,   1.858983e+00,   2.062764e-03,   1.135964e+04,   6.985863e+01,   4.753762e+02,   8.181058e-01,   1.880343e+00,   2.183080e-03,   4.808384e+02,   8.428379e-01,   1.405531e+02,   1.633169e-02,   1.274376e+01,   1.060388e-03,   1.419854e+01,   8.341458e-04,   1.126863e+01,   6.529511e-03,   1.170928e+01,   6.050027e-03,              3,              0,       1 meters
  10/14/2016 12:10:44.116,   1.856065e+00,   1.666654e-03,   1.136567e+04,   1.713468e+02,   4.777409e+02,   8.911523e-01,   1.877403e+00,   1.683495e-03,   4.832333e+02,   9.543692e-01,   1.405449e+02,   2.532808e-02,   1.274718e+01,   1.047625e-03,   1.420310e+01,   2.959972e-03,   1.126550e+01,   6.525948e-03,   1.170867e+01,   3.631157e-03,              3,              0,       1 meters
  10/14/2016 12:10:48.998,   1.853962e+00,   9.795889e-04,   1.144934e+04,   9.931234e+01,   4.794931e+02,   7.261948e-01,   1.875435e+00,   9.938864e-04,   4.850466e+02,   7.647337e-01,   1.406168e+02,   2.869273e-02,   1.275086e+01,   1.057083e-03,   1.421418e+01,   2.650620e-03,   1.127623e+01,   3.428326e-03,   1.171318e+01,   4.883779e-03,              3,              0,       1 meters
  10/14/2016 12:10:53.883,   1.853077e+00,   1.809581e-03,   1.145082e+04,   1.082232e+02,   4.816310e+02,   5.710484e-01,   1.874542e+00,   2.027873e-03,   4.872100e+02,   5.915083e-01,   1.406138e+02,   2.466218e-02,   1.275538e+01,   1.352762e-03,   1.422544e+01,   6.709373e-03,   1.126881e+01,   2.954753e-03,   1.170980e+01,   3.585047e-03,              3,              0,       1 meters
  10/14/2016 12:10:58.768,   1.851152e+00,   1.975485e-03,   1.149776e+04,   1.129609e+02,   4.836282e+02,   6.722990e-01,   1.872684e+00,   2.195612e-03,   4.892535e+02,   6.655460e-01,   1.405775e+02,   1.614938e-02,   1.275908e+01,   1.310269e-03,   1.424209e+01,   4.328213e-03,   1.127085e+01,   3.096728e-03,   1.171376e+01,   4.141930e-03,              3,              0,       1 meters
  10/14/2016 12:11:03.651,   1.848759e+00,   1.415652e-03,   1.143356e+04,   8.193764e+01,   4.858577e+02,   8.526445e-01,   1.870142e+00,   1.478305e-03,   4.914771e+02,   8.527135e-01,   1.405368e+02,   1.670745e-02,   1.276273e+01,   1.349754e-03,   1.425463e+01,   2.389485e-03,   1.126887e+01,   5.752012e-03,   1.171160e+01,   2.756520e-03,              3,              0,       1 meters
  10/14/2016 12:11:08.536,   1.845877e+00,   1.528762e-03,   1.148938e+04,   7.248155e+01,   4.875802e+02,   7.838169e-01,   1.867332e+00,   1.501718e-03,   4.932473e+02,   7.773195e-01,   1.405741e+02,   2.663273e-02,   1.276687e+01,   1.283779e-03,   1.426216e+01,   1.382012e-03,   1.127204e+01,   4.495884e-03,   1.171576e+01,   2.777641e-03,              3,              0,       1 meters
  10/14/2016 12:11:13.420,   1.844367e+00,   6.321020e-04,   1.147772e+04,   9.058135e+01,   4.899448e+02,   8.512076e-01,   1.865782e+00,   6.439899e-04,   4.956336e+02,   8.977038e-01,   1.406150e+02,   2.072461e-02,   1.277106e+01,   9.583709e-04,   1.426143e+01,   3.186867e-03,   1.126963e+01,   2.689914e-03,   1.171020e+01,   2.999760e-03,              3,              0,       1 meters
  10/14/2016 12:11:18.307,   1.842766e+00,   2.352554e-03,   1.145384e+04,   4.784129e+01,   4.920190e+02,   6.734508e-01,   1.864117e+00,   2.454523e-03,   4.977198e+02,   6.767386e-01,   1.406053e+02,   2.129118e-02,   1.277490e+01,   9.969663e-04,   1.427643e+01,   6.448668e-03,   1.126534e+01,   6.296730e-03,   1.171263e+01,   5.112310e-03,              3,              0,       1 meters
  10/14/2016 12:11:23.190,   1.840278e+00,   2.557883e-03,   1.147269e+04,   8.961802e+01,   4.942742e+02,   8.406966e-01,   1.861636e+00,   2.631154e-03,   5.000107e+02,   8.662164e-01,   1.405631e+02,   1.465208e-02,   1.277892e+01,   1.251650e-03,   1.429187e+01,   4.906457e-03,   1.126824e+01,   7.288835e-03,   1.170872e+01,   6.315276e-03,              3,              0,       1 meters
  10/14/2016 12:11:28.076,   1.838498e+00,   1.894603e-03,   1.152790e+04,   6.323367e+01,   4.966104e+02,   7.031495e-01,   1.859940e+00,   1.889283e-03,   5.024021e+02,   7.173305e-01,   1.405407e+02,   1.933527e-02,   1.278307e+01,   1.448575e-03,   1.430933e+01,   6.104887e-03,   1.126983e+01,   4.647198e-03,   1.171034e+01,   6.266786e-03,              3,              0,       1 meters
  10/14/2016 12:11:32.958,   1.836173e+00,   5.210094e-04,   1.157838e+04,   9.781898e+01,   4.982932e+02,   6.837812e-01,   1.857682e+00,   6.329782e-04,   5.041302e+02,   7.160675e-01,   1.405875e+02,   2.986031e-02,   1.278723e+01,   1.469336e-03,   1.432382e+01,   2.836946e-03,   1.127040e+01,   3.382787e-03,   1.171279e+01,   4.474196e-03,              3,              0,       1 meters
  10/14/2016 12:11:37.851,   1.834244e+00,   1.539657e-03,   1.158228e+04,   8.195008e+01,   5.008183e+02,   7.026287e-01,   1.855738e+00,   1.511262e-03,   5.066869e+02,   7.447005e-01,   1.406254e+02,   2.630005e-02,   1.279117e+01,   1.366256e-03,   1.433260e+01,   6.389517e-03,   1.126484e+01,   5.456122e-03,   1.170755e+01,   5.201930e-03,              3,              0,       1 meters
  10/14/2016 12:11:42.736,   1.832439e+00,   1.441777e-03,   1.156615e+04,   6.118200e+01,   5.025789e+02,   5.599495e-01,   1.853882e+00,   1.397331e-03,   5.084598e+02,   5.839862e-01,   1.405968e+02,   1.901731e-02,   1.279580e+01,   1.720961e-03,   1.434611e+01,   2.476662e-03,   1.126966e+01,   6.541780e-03,   1.170921e+01,   5.982515e-03,              3,              0,       1 meters
  10/14/2016 12:11:47.620,   1.830307e+00,   9.538508e-04,   1.157885e+04,   3.410054e+01,   5.044941e+02,   8.121922e-01,   1.851748e+00,   9.126828e-04,   5.104041e+02,   8.305911e-01,   1.405470e+02,   2.092393e-02,   1.280037e+01,   1.170480e-03,   1.435307e+01,   3.669499e-03,   1.126979e+01,   2.096556e-03,   1.171000e+01,   4.275166e-03,              3,              0,       1 meters
  10/14/2016 12:11:52.504,   1.839297e+00,   1.240007e-02,   1.156332e+04,   7.817283e+01,   4.966793e+02,   1.043946e+01,   1.860813e+00,   1.241964e-02,   5.024903e+02,   1.059578e+01,   1.405437e+02,   1.296838e-02,   1.280360e+01,   9.685673e-03,   1.434821e+01,   4.948850e-03,   1.126979e+01,   5.526529e-03,   1.170843e+01,   6.885664e-03,              3,              0,       1 meters
  10/14/2016 12:11:57.388,   1.877791e+00,   1.037775e-02,   1.021904e+04,   6.437354e+02,   4.573076e+02,   9.047781e+00,   1.897174e+00,   9.270479e-03,   4.620339e+02,   9.441386e+00,   1.405921e+02,   2.675315e-02,   1.281323e+01,   1.558550e-03,   1.435664e+01,   6.202619e-03,   1.127309e+01,   3.106813e-03,   1.171064e+01,   3.487528e-03,              3,              0,       1 meters
  10/14/2016 12:12:02.273,   1.902712e+00,   5.844743e-03,   8.268171e+03,   5.187775e+02,   4.337585e+02,   6.190211e+00,   1.918573e+00,   4.944650e-03,   4.373775e+02,   6.468751e+00,   1.406020e+02,   2.714907e-02,   1.281739e+01,   1.005824e-03,   1.438239e+01,   1.394822e-02,   1.127668e+01,   2.577464e-03,   1.171003e+01,   2.400436e-03,              3,              0,       1 meters
  10/14/2016 12:12:07.155,   1.916557e+00,   4.275918e-03,   7.163927e+03,   2.045287e+02,   4.191396e+02,   1.952619e+00,   1.930386e+00,   3.975976e-03,   4.221642e+02,   2.036527e+00,   1.405617e+02,   1.478264e-02,   1.281021e+01,   7.488082e-03,   1.441018e+01,   2.275918e-03,   1.127227e+01,   9.006816e-03,   1.171331e+01,   7.203098e-03,              3,              0,       1 meters
  10/14/2016 12:12:12.040,   1.924322e+00,   1.669187e-03,   6.478096e+03,   1.888417e+02,   4.224112e+02,   7.675192e+00,   1.936869e+00,   1.415204e-03,   4.251645e+02,   7.658023e+00,   1.405416e+02,   1.896174e-02,   1.280758e+01,   1.381412e-03,   1.440074e+01,   2.050291e-03,   1.126584e+01,   2.360464e-03,   1.170779e+01,   2.132492e-03,              3,              0,       1 meters
  10/14/2016 12:12:16.926,   1.927206e+00,   1.314517e-03,   6.226343e+03,   3.744607e+01,   4.491462e+02,   3.371157e+00,   1.939280e+00,   1.264844e-03,   4.519602e+02,   3.387780e+00,   1.405611e+02,   7.469151e-03,   1.281221e+01,   1.181747e-03,   1.440666e+01,   2.059209e-03,   1.126795e+01,   3.080656e-03,   1.170675e+01,   4.092040e-03,              3,              0,       1 meters
  10/14/2016 12:12:21.809,   1.927456e+00,   7.252305e-04,   6.133624e+03,   5.269968e+01,   4.326886e+02,   6.042970e+00,   1.939351e+00,   7.402681e-04,   4.353589e+02,   6.072618e+00,   1.406183e+02,   1.821644e-02,   1.281618e+01,   1.513315e-03,   1.441657e+01,   8.165522e-03,   1.126760e+01,   1.466624e-03,   1.170836e+01,   2.737537e-03,              3,              0,       1 meters
  10/14/2016 12:12:26.695,   1.925055e+00,   1.483402e-03,   6.525588e+03,   1.937648e+02,   4.194267e+02,   2.371879e+00,   1.937700e+00,   1.294158e-03,   4.221814e+02,   2.310341e+00,   1.405937e+02,   2.147666e-02,   1.282114e+01,   1.814671e-03,   1.444184e+01,   7.414311e-03,   1.126885e+01,   1.583450e-03,   1.171057e+01,   2.217697e-03,              3,              0,       1 meters
  10/14/2016 12:12:31.579,   1.922331e+00,   9.707491e-04,   7.311923e+03,   2.731266e+02,   4.154199e+02,   6.524620e-01,   1.936491e+00,   8.206218e-04,   4.184797e+02,   5.530385e-01,   1.405503e+02,   1.731078e-02,   1.282664e+01,   1.710418e-03,   1.446139e+01,   7.712317e-03,   1.126829e+01,   1.493723e-03,   1.170738e+01,   2.271552e-03,              3,              0,       1 meters
  10/14/2016 12:12:36.470,   1.920025e+00,   1.204343e-03,   8.191215e+03,   2.645324e+02,   4.154254e+02,   4.181635e-01,   1.935882e+00,   8.486870e-04,   4.188564e+02,   4.829892e-01,   1.405386e+02,   1.804067e-02,   1.283174e+01,   1.792907e-03,   1.448110e+01,   4.705408e-03,   1.126643e+01,   4.619006e-03,   1.170790e+01,   3.494603e-03,              3,              0,       1 meters
  10/14/2016 12:12:41.361,   1.918380e+00,   5.591267e-04,   8.903358e+03,   2.249698e+02,   4.167486e+02,   6.629127e-01,   1.935613e+00,   8.247928e-04,   4.204925e+02,   7.583074e-01,   1.405663e+02,   2.732622e-02,   1.283727e+01,   1.951788e-03,   1.450002e+01,   6.771267e-03,   1.126879e+01,   3.420278e-03,   1.170984e+01,   5.008951e-03,              3,              0,       1 meters
  10/14/2016 12:12:46.251,   1.915682e+00,   9.266214e-04,   9.318367e+03,   1.688461e+02,   4.191458e+02,   9.475104e-01,   1.933701e+00,   1.031582e-03,   4.230884e+02,   1.025122e+00,   1.406158e+02,   2.169888e-02,   1.284249e+01,   1.504171e-03,   1.451570e+01,   7.151336e-03,   1.126777e+01,   1.534231e-03,   1.170654e+01,   3.126151e-03,              3,              0,       1 meters
  10/14/2016 12:12:51.135,   1.914111e+00,   1.187318e-03,   9.672504e+03,   1.539167e+02,   4.217368e+02,   8.081945e-01,   1.932806e+00,   1.234254e-03,   4.258560e+02,   8.806899e-01,   1.405949e+02,   2.162873e-02,   1.284767e+01,   1.539052e-03,   1.453663e+01,   5.700568e-03,   1.126610e+01,   1.343489e-03,   1.170565e+01,   1.894634e-03,              3,              0,       1 meters
  10/14/2016 12:12:56.021,   1.912480e+00,   1.245482e-03,   1.001490e+04,   9.822630e+01,   4.240922e+02,   1.025874e+00,   1.931827e+00,   1.304705e-03,   4.283824e+02,   1.064112e+00,   1.405525e+02,   1.487596e-02,   1.285303e+01,   1.692383e-03,   1.455237e+01,   4.323318e-03,   1.126895e+01,   3.853543e-03,   1.170757e+01,   3.953804e-03,              3,              0,       1 meters
  10/14/2016 12:13:00.903,   1.911998e+00,   1.268224e-03,   1.026934e+04,   1.310548e+02,   4.267337e+02,   8.221369e-01,   1.931837e+00,   1.274285e-03,   4.311615e+02,   8.490109e-01,   1.405397e+02,   1.660104e-02,   1.285788e+01,   1.520876e-03,   1.456278e+01,   2.890695e-03,   1.126673e+01,   4.607945e-03,   1.170881e+01,   4.776521e-03,              3,              0,       1 meters
  10/14/2016 12:13:05.787,   1.909091e+00,   2.576975e-03,   1.049523e+04,   8.155674e+01,   4.294319e+02,   9.388488e-01,   1.929340e+00,   2.715104e-03,   4.339866e+02,   9.288401e-01,   1.405889e+02,   2.315274e-02,   1.286287e+01,   1.774858e-03,   1.456294e+01,   1.805581e-03,   1.127181e+01,   5.520993e-03,   1.171424e+01,   4.567808e-03,              3,              0,       1 meters
  10/14/2016 12:13:10.673,   1.907723e+00,   1.392389e-03,   1.056371e+04,   8.411142e+01,   4.327035e+02,   9.550435e-01,   1.928091e+00,   1.430978e-03,   4.373233e+02,   9.932209e-01,   1.406183e+02,   2.414034e-02,   1.286828e+01,   1.639342e-03,   1.455989e+01,   1.876741e-03,   1.127163e+01,   4.789510e-03,   1.170871e+01,   6.517651e-03,              3,              0,       1 meters
  10/14/2016 12:13:15.558,   1.907084e+00,   1.974380e-03,   1.066871e+04,   6.931129e+01,   4.360234e+02,   6.382993e-01,   1.927650e+00,   2.072135e-03,   4.407254e+02,   6.464748e-01,   1.405783e+02,   1.695284e-02,   1.287328e+01,   1.838368e-03,   1.455906e+01,   2.344374e-03,   1.126758e+01,   1.936361e-03,   1.170417e+01,   5.291752e-03,              3,              0,       1 meters
  10/14/2016 12:13:20.441,   1.906362e+00,   1.258345e-03,   1.086457e+04,   1.305401e+02,   4.389641e+02,   1.243407e+00,   1.927301e+00,   1.073517e-03,   4.437858e+02,   1.311025e+00,   1.405412e+02,   2.008598e-02,   1.287895e+01,   1.760377e-03,   1.455272e+01,   5.962886e-04,   1.126492e+01,   5.317239e-03,   1.170445e+01,   4.898486e-03,              3,              0,       1 meters
  10/14/2016 12:13:25.325,   1.905348e+00,   1.206655e-03,   1.102448e+04,   6.771722e+01,   4.419438e+02,   1.046341e+00,   1.926587e+00,   1.142064e-03,   4.468704e+02,   1.087359e+00,   1.405432e+02,   1.838885e-02,   1.288426e+01,   1.596536e-03,   1.454839e+01,   1.537286e-03,   1.126745e+01,   3.180227e-03,   1.170751e+01,   1.202911e-03,              3,              0,       1 meters
  10/14/2016 12:13:30.209,   1.902342e+00,   1.529748e-03,   1.109614e+04,   4.472070e+01,   4.450409e+02,   7.902382e-01,   1.923688e+00,   1.511561e-03,   4.500346e+02,   8.123893e-01,   1.406151e+02,   1.940859e-02,   1.288932e+01,   1.799232e-03,   1.454913e+01,   5.464112e-03,   1.126735e+01,   3.954677e-03,   1.170937e+01,   6.417390e-03,              3,              0,       1 meters
  10/14/2016 12:13:35.094,   1.901738e+00,   7.655217e-04,   1.116868e+04,   5.216237e+01,   4.481786e+02,   9.968457e-01,   1.923218e+00,   8.171939e-04,   4.532407e+02,   1.015999e+00,   1.406017e+02,   2.332664e-02,   1.289472e+01,   1.525353e-03,   1.456840e+01,   6.786536e-03,   1.126580e+01,   3.109820e-03,   1.170827e+01,   2.479251e-03,              3,              0,       1 meters
  10/14/2016 12:13:39.979,   1.900169e+00,   1.426319e-03,   1.118247e+04,   4.018034e+01,   4.510741e+02,   9.381827e-01,   1.921658e+00,   1.415447e-03,   4.561753e+02,   9.439186e-01,   1.405557e+02,   1.757988e-02,   1.289960e+01,   1.587019e-03,   1.457946e+01,   2.658848e-03,   1.126730e+01,   2.513982e-03,   1.170723e+01,   1.650048e-03,              3,              0,       1 meters
  10/14/2016 12:13:44.863,   1.898171e+00,   1.274655e-03,   1.124392e+04,   6.358777e+01,   4.542940e+02,   1.073473e+00,   1.919757e+00,   1.287755e-03,   4.594602e+02,   1.101128e+00,   1.405314e+02,   1.980191e-02,   1.290476e+01,   1.653163e-03,   1.459316e+01,   4.104904e-03,   1.126852e+01,   3.032694e-03,   1.170782e+01,   3.024123e-03,              3,              0,       1 meters
  10/14/2016 12:13:49.750,   1.896180e+00,   4.234712e-04,   1.139022e+04,   6.844521e+01,   4.573273e+02,   8.549516e-01,   1.918027e+00,   3.225639e-04,   4.625964e+02,   8.831169e-01,   1.405694e+02,   2.039934e-02,   1.290940e+01,   1.380619e-03,   1.460574e+01,   4.522564e-03,   1.126728e+01,   2.794355e-03,   1.170961e+01,   2.432233e-03,              3,              0,       1 meters
  10/14/2016 12:13:54.635,   1.893964e+00,   1.310516e-03,   1.136079e+04,   8.217179e+01,   4.603760e+02,   1.102838e+00,   1.915728e+00,   1.470511e-03,   4.656663e+02,   1.080652e+00,   1.406231e+02,   1.915764e-02,   1.291455e+01,   1.806914e-03,   1.462141e+01,   7.181465e-03,   1.126908e+01,   1.142586e-03,   1.170718e+01,   3.456489e-03,              3,              0,       1 meters
  10/14/2016 12:13:59.519,   1.893282e+00,   9.886552e-04,   1.129775e+04,   4.255697e+01,   4.637045e+02,   1.102579e+00,   1.914916e+00,   1.012692e-03,   4.690032e+02,   1.127340e+00,   1.405945e+02,   3.292181e-02,   1.291939e+01,   1.610998e-03,   1.464808e+01,   7.462173e-03,   1.126439e+01,   2.330747e-03,   1.170498e+01,   9.370638e-04,              3,              0,       1 meters
  10/14/2016 12:14:04.402,   1.890486e+00,   1.846966e-03,   1.147349e+04,   6.305683e+01,   4.668918e+02,   6.500056e-01,   1.912428e+00,   1.819977e-03,   4.723109e+02,   6.461396e-01,   1.405425e+02,   2.034554e-02,   1.292417e+01,   1.771852e-03,   1.466625e+01,   5.323574e-03,   1.126867e+01,   6.723500e-03,   1.170860e+01,   7.346808e-03,              3,              0,       1 meters
  10/14/2016 12:14:09.286,   1.888878e+00,   2.018534e-03,   1.146971e+04,   1.205317e+02,   4.695325e+02,   9.639807e-01,   1.910795e+00,   2.239050e-03,   4.749804e+02,   9.615226e-01,   1.405395e+02,   2.307018e-02,   1.292935e+01,   1.328920e-03,   1.468074e+01,   4.856384e-03,   1.126885e+01,   5.173213e-03,   1.171036e+01,   7.779879e-03,              3,              0,       1 meters
  10/14/2016 12:14:14.172,   1.888024e+00,   1.178870e-03,   1.149583e+04,   1.410008e+02,   4.731866e+02,   1.475392e+00,   1.909981e+00,   1.429097e-03,   4.786895e+02,   1.469366e+00,   1.405993e+02,   2.479990e-02,   1.293412e+01,   1.610369e-03,   1.469561e+01,   4.049314e-03,   1.126654e+01,   4.100448e-03,   1.170529e+01,   7.805835e-03,              3,              0,       1 meters
  10/14/2016 12:14:19.056,   1.885199e+00,   7.370673e-04,   1.151044e+04,   8.010777e+01,   4.761521e+02,   9.620105e-01,   1.907151e+00,   7.034659e-04,   4.816966e+02,   9.746148e-01,   1.406177e+02,   2.382522e-02,   1.293941e+01,   1.596579e-03,   1.471316e+01,   7.656755e-03,   1.126854e+01,   6.742051e-03,   1.170779e+01,   4.824834e-03,              3,              0,       1 meters
  10/14/2016 12:14:23.940,   1.884012e+00,   1.136731e-03,   1.150410e+04,   1.214960e+02,   4.794359e+02,   1.047487e+00,   1.905938e+00,   1.357165e-03,   4.850156e+02,   1.058214e+00,   1.405696e+02,   1.471633e-02,   1.294442e+01,   1.589486e-03,   1.473064e+01,   4.636573e-03,   1.126620e+01,   4.800243e-03,   1.170512e+01,   3.329335e-03,              3,              0,       1 meters
  10/14/2016 12:14:28.825,   1.882030e+00,   1.374908e-03,   1.143635e+04,   1.306864e+02,   4.821403e+02,   1.211377e+00,   1.903802e+00,   1.480110e-03,   4.877181e+02,   1.275268e+00,   1.405400e+02,   2.271208e-02,   1.294984e+01,   1.813246e-03,   1.474535e+01,   6.228133e-03,   1.126690e+01,   4.887582e-03,   1.170530e+01,   2.274455e-03,              3,              0,       1 meters
  10/14/2016 12:14:33.707,   1.881021e+00,   1.751548e-03,   1.154781e+04,   3.229618e+01,   4.852825e+02,   1.045352e+00,   1.902997e+00,   1.781086e-03,   4.909519e+02,   1.067973e+00,   1.405537e+02,   2.831440e-02,   1.295502e+01,   1.765421e-03,   1.475607e+01,   2.052306e-03,   1.126422e+01,   4.363985e-03,   1.170392e+01,   5.115821e-03,              3,              0,       1 meters
  10/14/2016 12:14:38.602,   1.878268e+00,   1.774170e-03,   1.162451e+04,   7.527654e+01,   4.883562e+02,   1.039698e+00,   1.900358e+00,   1.906790e-03,   4.940999e+02,   1.057362e+00,   1.406088e+02,   2.103823e-02,   1.296052e+01,   1.993622e-03,   1.476936e+01,   6.781429e-03,   1.126564e+01,   3.498067e-03,   1.170027e+01,   5.768181e-03,              3,              0,       1 meters
  10/14/2016 12:14:43.484,   1.876067e+00,   1.850146e-03,   1.168549e+04,   7.052923e+01,   4.906770e+02,   6.871209e-01,   1.898249e+00,   1.989201e-03,   4.964786e+02,   6.972497e-01,   1.406093e+02,   2.537849e-02,   1.296603e+01,   1.614131e-03,   1.479443e+01,   9.009163e-03,   1.126867e+01,   4.079936e-03,   1.171135e+01,   3.100899e-03,              3,              0,       1 meters
  10/14/2016 12:14:48.368,   1.875446e+00,   9.120540e-04,   1.175244e+04,   7.533515e+01,   4.941553e+02,   1.169100e+00,   1.897749e+00,   1.018675e-03,   5.000319e+02,   1.173541e+00,   1.405545e+02,   1.770722e-02,   1.297153e+01,   1.775713e-03,   1.481702e+01,   4.351506e-03,   1.126868e+01,   3.096993e-03,   1.170643e+01,   4.220208e-03,              3,              0,       1 meters
  10/14/2016 12:14:53.254,   1.872724e+00,   1.045447e-03,   1.173822e+04,   3.056035e+01,   4.971598e+02,   1.039706e+00,   1.894967e+00,   1.069608e-03,   5.030649e+02,   1.040120e+00,   1.405366e+02,   2.065516e-02,   1.297725e+01,   1.561965e-03,   1.482448e+01,   2.475706e-03,   1.126767e+01,   3.748258e-03,   1.170673e+01,   3.780072e-03,              3,              0,       1 meters
  10/14/2016 12:14:58.139,   1.870908e+00,   2.730225e-03,   1.179772e+04,   8.237998e+01,   5.000986e+02,   8.810068e-01,   1.893244e+00,   2.743173e-03,   5.060691e+02,   9.184047e-01,   1.405699e+02,   2.959558e-02,   1.298286e+01,   1.829866e-03,   1.483588e+01,   2.762212e-03,   1.127028e+01,   4.321950e-03,   1.171136e+01,   3.008845e-03,              3,              0,       1 meters
  10/14/2016 12:15:03.024,   1.869137e+00,   3.006218e-03,   1.179723e+04,   6.498385e+01,   5.032071e+02,   1.058827e+00,   1.891451e+00,   3.008355e-03,   5.092144e+02,   1.061612e+00,   1.406249e+02,   1.722037e-02,   1.298871e+01,   1.769823e-03,   1.483703e+01,   2.797342e-03,   1.126896e+01,   1.083618e-02,   1.170723e+01,   7.360002e-03,              3,              0,       1 meters
  10/14/2016 12:15:07.907,   1.867401e+00,   1.582111e-03,   1.176680e+04,   6.533814e+01,   5.063596e+02,   9.229116e-01,   1.889636e+00,   1.584550e-03,   5.123888e+02,   9.468178e-01,   1.405816e+02,   1.581922e-02,   1.299450e+01,   1.897324e-03,   1.484387e+01,   2.028537e-03,   1.126765e+01,   6.850073e-03,   1.170697e+01,   5.894409e-03,              3,              0,       1 meters
  10/14/2016 12:15:12.791,   1.865900e+00,   1.841421e-03,   1.174956e+04,   6.668966e+01,   5.093001e+02,   9.257926e-01,   1.888084e+00,   1.943922e-03,   5.153553e+02,   9.232688e-01,   1.405474e+02,   1.915995e-02,   1.300077e+01,   1.520701e-03,   1.483981e+01,   2.756519e-03,   1.126678e+01,   5.074326e-03,   1.170722e+01,   3.734062e-03,              3,              0,       1 meters
  10/14/2016 12:15:17.677,   1.863658e+00,   1.967771e-03,   1.179223e+04,   1.172151e+02,   5.124892e+02,   1.228550e+00,   1.885898e+00,   2.152802e-03,   5.186048e+02,   1.295906e+00,   1.405373e+02,   2.190495e-02,   1.300639e+01,   1.858016e-03,   1.483385e+01,   6.646984e-04,   1.126936e+01,   2.881401e-03,   1.170841e+01,   6.389025e-03,              3,              0,       1 meters
  10/14/2016 12:15:22.561,   1.861921e+00,   1.245059e-03,   1.173044e+04,   7.731963e+01,   5.153796e+02,   9.957510e-01,   1.884021e+00,   1.229474e-03,   5.214970e+02,   1.012027e+00,   1.406024e+02,   2.629323e-02,   1.301262e+01,   1.663298e-03,   1.483609e+01,   1.834958e-03,   1.126667e+01,   2.351156e-03,   1.170697e+01,   2.372492e-03,              3,              0,       1 meters
  10/14/2016 12:15:27.445,   1.860167e+00,   9.939560e-04,   1.176145e+04,   4.059924e+01,   5.188077e+02,   1.098702e+00,   1.882305e+00,   1.074912e-03,   5.249822e+02,   1.091951e+00,   1.406042e+02,   2.084225e-02,   1.301837e+01,   1.844486e-03,   1.483809e+01,   1.671682e-03,   1.126366e+01,   3.307752e-03,   1.170133e+01,   2.485636e-03,              3,              0,       1 meters
  10/14/2016 12:15:32.328,   1.858010e+00,   2.293346e-03,   1.172949e+04,   1.604214e+02,   5.218715e+02,   7.023175e-01,   1.880063e+00,   2.596342e-03,   5.280655e+02,   7.324737e-01,   1.405698e+02,   1.655870e-02,   1.302429e+01,   1.654590e-03,   1.483919e+01,   9.631336e-04,   1.126464e+01,   2.935813e-03,   1.170193e+01,   4.643227e-03,              3,              0,       1 meters
  10/14/2016 12:15:37.215,   1.856255e+00,   1.150568e-03,   1.180716e+04,   7.148801e+01,   5.244809e+02,   8.043791e-01,   1.878434e+00,   1.080264e-03,   5.307476e+02,   8.418595e-01,   1.405328e+02,   1.926751e-02,   1.302988e+01,   1.817431e-03,   1.484487e+01,   4.148841e-03,   1.126722e+01,   3.250625e-03,   1.170500e+01,   3.403980e-03,              3,              0,       1 meters
  10/14/2016 12:15:42.099,   1.853695e+00,   1.888783e-03,   1.174106e+04,   1.014027e+02,   5.274506e+02,   1.062716e+00,   1.875719e+00,   2.068706e-03,   5.337169e+02,   1.064590e+00,   1.405566e+02,   2.402585e-02,   1.303545e+01,   1.692392e-03,   1.485840e+01,   5.325252e-03,   1.126829e+01,   2.297251e-03,   1.170169e+01,   1.876363e-03,              3,              0,       1 meters
  10/14/2016 12:15:46.982,   1.852027e+00,   1.026860e-03,   1.182528e+04,   2.881044e+01,   5.302796e+02,   8.330642e-01,   1.874189e+00,   1.074514e-03,   5.366253e+02,   8.364898e-01,   1.406150e+02,   1.810147e-02,   1.304095e+01,   1.956178e-03,   1.487117e+01,   3.681067e-03,   1.126468e+01,   2.684965e-03,   1.170325e+01,   3.926465e-03,              3,              0,       1 meters
  10/14/2016 12:15:51.867,   1.849278e+00,   1.469206e-03,   1.184862e+04,   6.270990e+01,   5.332524e+02,   8.250885e-01,   1.871452e+00,   1.400118e-03,   5.396466e+02,   8.657172e-01,   1.405948e+02,   1.833719e-02,   1.304606e+01,   1.646392e-03,   1.488371e+01,   3.946468e-03,   1.126719e+01,   5.694037e-03,   1.170286e+01,   6.342861e-03,              3,              0,       1 meters
  10/14/2016 12:15:56.752,   1.848491e+00,   8.571748e-04,   1.191532e+04,   4.051518e+01,   5.359018e+02,   6.397460e-01,   1.870782e+00,   9.169018e-04,   5.423642e+02,   6.277982e-01,   1.405554e+02,   8.277676e-03,   1.305144e+01,   1.674140e-03,   1.489503e+01,   2.584089e-03,   1.126705e+01,   7.708503e-04,   1.170597e+01,   2.761023e-03,              3,              0,       1 meters
  10/14/2016 12:16:01.637,   1.846876e+00,   9.237459e-04,   1.192891e+04,   5.866575e+01,   5.391636e+02,   9.673583e-01,   1.869173e+00,   1.021432e-03,   5.456728e+02,   9.561657e-01,   1.405406e+02,   1.802350e-02,   1.305635e+01,   1.529822e-03,   1.490876e+01,   5.510063e-03,   1.126776e+01,   2.984961e-03,   1.170249e+01,   2.314670e-03,              3,              0,       1 meters
  10/14/2016 12:16:06.520,   1.843535e+00,   1.565896e-03,   1.192277e+04,   5.284191e+01,   5.416953e+02,   7.042795e-01,   1.865780e+00,   1.667935e-03,   5.482317e+02,   7.090333e-01,   1.405892e+02,   3.954960e-02,   1.306181e+01,   1.617368e-03,   1.492639e+01,   4.024091e-03,   1.127091e+01,   3.545679e-03,   1.170813e+01,   4.112897e-03,              3,              0,       1 meters
  10/14/2016 12:16:11.404,   1.841422e+00,   1.392496e-03,   1.199597e+04,   5.850407e+01,   5.445778e+02,   7.119966e-01,   1.863780e+00,   1.348845e-03,   5.511899e+02,   7.449053e-01,   1.406183e+02,   2.179730e-02,   1.306659e+01,   1.654009e-03,   1.494342e+01,   5.725208e-03,   1.126872e+01,   2.753262e-03,   1.170724e+01,   4.924278e-03,              3,              0,       1 meters
  10/14/2016 12:16:16.289,   1.841124e+00,   5.499165e-04,   1.197078e+04,   4.155674e+01,   5.477335e+02,   1.002786e+00,   1.863431e+00,   5.437549e-04,   5.543698e+02,   1.025135e+00,   1.405746e+02,   8.005356e-03,   1.307190e+01,   1.713177e-03,   1.495430e+01,   2.504597e-03,   1.126664e+01,   1.657679e-03,   1.170157e+01,   1.848469e-03,              3,              0,       1 meters
  10/14/2016 12:16:21.175,   1.839027e+00,   8.661739e-04,   1.196757e+04,   3.557968e+01,   5.504917e+02,   9.111094e-01,   1.861302e+00,   9.047946e-04,   5.571595e+02,   9.098387e-01,   1.405430e+02,   1.715693e-02,   1.307680e+01,   1.756153e-03,   1.496047e+01,   2.267471e-03,   1.126692e+01,   1.511388e-03,   1.170351e+01,   1.939857e-03,              3,              0,       1 meters
  10/14/2016 12:16:26.058,   1.837039e+00,   9.887411e-04,   1.193495e+04,   7.570548e+01,   5.534300e+02,   8.267557e-01,   1.859229e+00,   1.061582e-03,   5.601149e+02,   8.178585e-01,   1.405462e+02,   3.068942e-02,   1.308187e+01,   1.457260e-03,   1.496432e+01,   1.206259e-03,   1.126751e+01,   2.590164e-03,   1.170212e+01,   2.394164e-03,              3,              0,       1 meters
  10/14/2016 12:16:30.942,   1.835187e+00,   2.234301e-03,   1.202004e+04,   4.047460e+01,   5.560025e+02,   8.682932e-01,   1.857515e+00,   2.294716e-03,   5.627670e+02,   8.698267e-01,   1.406155e+02,   2.358772e-02,   1.308678e+01,   1.846115e-03,   1.497145e+01,   2.939265e-03,   1.126744e+01,   5.024248e-03,   1.170424e+01,   5.125457e-03,              3,              0,       1 meters
  10/14/2016 12:16:35.827,   1.833180e+00,   1.838112e-03,   1.192647e+04,   5.439733e+01,   5.590678e+02,   8.079729e-01,   1.855308e+00,   1.962279e-03,   5.658160e+02,   8.089598e-01,   1.405897e+02,   1.443280e-02,   1.309189e+01,   1.404875e-03,   1.497868e+01,   1.607818e-03,   1.126593e+01,   2.350943e-03,   1.170341e+01,   6.166180e-03,              3,              0,       1 meters
  10/14/2016 12:16:40.717,   1.831966e+00,   2.136085e-03,   1.197998e+04,   1.070576e+02,   5.622545e+02,   9.497818e-01,   1.854179e+00,   2.306243e-03,   5.690719e+02,   9.276120e-01,   1.405569e+02,   1.499179e-02,   1.309703e+01,   1.542780e-03,   1.498437e+01,   2.965840e-03,   1.126382e+01,   5.656230e-03,   1.170070e+01,   7.839119e-03,              3,              0,       1 meters
  10/14/2016 12:16:45.608,   1.830007e+00,   2.439825e-03,   1.201058e+04,   5.303091e+01,   5.652557e+02,   7.159329e-01,   1.852254e+00,   2.530995e-03,   5.721273e+02,   7.359416e-01,   1.405299e+02,   1.858653e-02,   1.310178e+01,   1.691699e-03,   1.498748e+01,   2.200100e-03,   1.126596e+01,   6.101286e-03,   1.170004e+01,   9.316283e-03,              3,              0,       1 meters
  10/14/2016 12:16:50.494,   1.828607e+00,   2.371407e-03,   1.202855e+04,   1.117581e+02,   5.679101e+02,   1.024598e+00,   1.850871e+00,   2.584170e-03,   5.748244e+02,   1.053855e+00,   1.405523e+02,   2.247254e-02,   1.310697e+01,   1.405394e-03,   1.498894e+01,   3.198867e-03,   1.126340e+01,   4.947593e-03,   1.170049e+01,   7.236412e-03,              3,              0,       1 meters
  10/14/2016 12:16:55.377,   1.825563e+00,   1.453901e-03,   1.206654e+04,   4.524366e+01,   5.701245e+02,   7.290484e-01,   1.847861e+00,   1.541583e-03,   5.770879e+02,   7.135712e-01,   1.406128e+02,   1.615217e-02,   1.311193e+01,   1.714346e-03,   1.498375e+01,   1.624476e-03,   1.126768e+01,   4.237863e-03,   1.170356e+01,   4.285161e-03,              3,              0,       1 meters
  10/14/2016 12:17:00.261,   1.823641e+00,   2.639583e-03,   1.203147e+04,   6.294957e+01,   5.730288e+02,   1.075791e+00,   1.845849e+00,   2.764534e-03,   5.800071e+02,   1.070062e+00,   1.405942e+02,   1.940234e-02,   1.311668e+01,   1.313333e-03,   1.498646e+01,   1.069435e-03,   1.126499e+01,   8.622044e-03,   1.169874e+01,   6.025185e-03,              3,              0,       1 meters
  10/14/2016 12:17:05.147,   1.821798e+00,   2.250514e-03,   1.205434e+04,   7.122247e+01,   5.757456e+02,   8.403130e-01,   1.844026e+00,   2.396713e-03,   5.827705e+02,   8.577440e-01,   1.405455e+02,   1.574294e-02,   1.312163e+01,   1.478072e-03,   1.499213e+01,   4.130770e-03,   1.126521e+01,   7.184239e-03,   1.170450e+01,   6.812189e-03,              3,              0,       1 meters
  10/14/2016 12:17:10.032,   1.820493e+00,   1.195340e-03,   1.194409e+04,   1.050530e+02,   5.783978e+02,   6.665254e-01,   1.842500e+00,   1.235828e-03,   5.853898e+02,   7.260888e-01,   1.405299e+02,   1.868950e-02,   1.312599e+01,   1.548844e-03,   1.501027e+01,   3.765167e-03,   1.126933e+01,   4.510205e-03,   1.170425e+01,   5.537464e-03,              3,              0,       1 meters
  10/14/2016 12:17:14.915,   1.817309e+00,   5.785669e-04,   1.201664e+04,   8.415160e+01,   5.809446e+02,   9.445999e-01,   1.839412e+00,   5.303880e-04,   5.880105e+02,   9.817206e-01,   1.405933e+02,   2.738063e-02,   1.313090e+01,   1.385945e-03,   1.501778e+01,   2.770013e-03,   1.126777e+01,   4.152491e-03,   1.170202e+01,   3.847221e-03,              3,              0,       1 meters
  10/14/2016 12:17:19.800,   1.815670e+00,   1.167190e-03,   1.206016e+04,   5.708406e+01,   5.836811e+02,   1.108980e+00,   1.837834e+00,   1.167372e-03,   5.908064e+02,   1.116664e+00,   1.406177e+02,   1.904262e-02,   1.313489e+01,   1.738617e-03,   1.501933e+01,   9.716928e-04,   1.126768e+01,   3.036526e-03,   1.170533e+01,   7.455442e-03,              3,              0,       1 meters
  10/14/2016 12:17:24.685,   1.819086e+00,   8.216053e-03,   1.202849e+04,   1.078816e+02,   5.760661e+02,   1.398770e+01,   1.841233e+00,   8.232405e-03,   5.830803e+02,   1.419045e+01,   1.405697e+02,   1.611470e-02,   1.313949e+01,   1.242543e-03,   1.501495e+01,   2.209606e-03,   1.126890e+01,   9.639966e-04,   1.170613e+01,   3.398839e-03,              3,              0,       1 meters
  10/14/2016 12:17:29.570,   1.864827e+00,   1.444041e-02,   1.100445e+04,   6.872425e+02,   5.040904e+02,   2.301806e+01,   1.885569e+00,   1.333287e-02,   5.097123e+02,   2.362257e+01,   1.405428e+02,   1.628664e-02,   1.314367e+01,   1.291544e-03,   1.501073e+01,   6.863776e-04,   1.126916e+01,   4.708332e-03,   1.170324e+01,   4.944754e-03,              3,              0,       1 meters
  10/14/2016 12:17:34.453,   1.897179e+00,   7.863248e-03,   8.875054e+03,   5.802244e+02,   4.507706e+02,   1.125578e+01,   1.914164e+00,   6.830823e-03,   4.548124e+02,   1.162311e+01,   1.405514e+02,   2.536586e-02,   1.314675e+01,   1.062752e-03,   1.501588e+01,   3.728899e-03,   1.126824e+01,   3.145093e-03,   1.170498e+01,   4.350420e-03,              3,              0,       1 meters
  10/14/2016 12:17:39.336,   1.914327e+00,   3.764251e-03,   7.498619e+03,   3.600069e+02,   4.254248e+02,   5.538651e+00,   1.928790e+00,   3.181151e-03,   4.286406e+02,   5.736185e+00,   1.406162e+02,   2.417613e-02,   1.314971e+01,   9.471838e-04,   1.502972e+01,   3.546341e-03,   1.126704e+01,   3.311817e-03,   1.170195e+01,   2.965241e-03,              3,              0,       1 meters
  10/14/2016 12:17:44.223,   1.923017e+00,   1.717874e-03,   6.618299e+03,   2.287230e+02,   4.134477e+02,   2.041477e+00,   1.935829e+00,   1.320399e-03,   4.162026e+02,   2.148996e+00,   1.405956e+02,   2.090666e-02,   1.315306e+01,   1.288021e-03,   1.503781e+01,   2.025423e-03,   1.126698e+01,   2.025112e-03,   1.170562e+01,   1.626797e-03,              3,              0,       1 meters
  10/14/2016 12:17:49.108,   1.926444e+00,   5.526683e-04,   6.225933e+03,   7.926273e+01,   4.090606e+02,   9.110236e-01,   1.938513e+00,   4.560031e-04,   4.116234e+02,   9.417018e-01,   1.405580e+02,   1.580587e-02,   1.315639e+01,   1.151747e-03,   1.505017e+01,   4.766935e-03,   1.126616e+01,   2.165092e-03,   1.170150e+01,   2.664049e-03,              3,              0,       1 meters
  10/14/2016 12:17:53.992,   1.923944e+00,   9.599402e-04,   6.763405e+03,   3.812994e+02,   4.098978e+02,   1.084877e+00,   1.937045e+00,   4.923692e-04,   4.126894e+02,   1.249330e+00,   1.405283e+02,   1.589964e-02,   1.316081e+01,   1.252939e-03,   1.506140e+01,   3.985870e-03,   1.126621e+01,   1.209773e-03,   1.170379e+01,   3.229171e-03,              3,              0,       1 meters
  10/14/2016 12:17:58.888,   1.919381e+00,   1.714065e-03,   7.834728e+03,   3.886410e+02,   4.129539e+02,   9.778842e-01,   1.934537e+00,   1.062132e-03,   4.162152e+02,   1.146739e+00,   1.405778e+02,   3.069036e-02,   1.316560e+01,   1.736006e-03,   1.507433e+01,   3.259012e-03,   1.126649e+01,   1.480443e-03,   1.170480e+01,   1.824580e-03,              3,              0,       1 meters
  10/14/2016 12:18:03.772,   1.914860e+00,   1.853793e-03,   8.848948e+03,   2.875207e+02,   4.163600e+02,   1.086541e+00,   1.931955e+00,   1.546739e-03,   4.200775e+02,   1.217953e+00,   1.406260e+02,   2.043540e-02,   1.317046e+01,   1.661689e-03,   1.508228e+01,   3.207160e-03,   1.126828e+01,   1.911466e-03,   1.170569e+01,   1.977782e-03,              3,              0,       1 meters
  10/14/2016 12:18:08.656,   1.911226e+00,   1.244073e-03,   9.596984e+03,   1.431209e+02,   4.204996e+02,   1.365229e+00,   1.929746e+00,   1.033533e-03,   4.245744e+02,   1.436818e+00,   1.405871e+02,   1.444138e-02,   1.317545e+01,   1.454434e-03,   1.510092e+01,   4.776690e-03,   1.126678e+01,   1.663493e-03,   1.170237e+01,   4.177570e-03,              3,              0,       1 meters
  10/14/2016 12:18:13.539,   1.909259e+00,   7.255823e-04,   1.022726e+04,   1.754900e+02,   4.243776e+02,   1.452746e+00,   1.928988e+00,   5.927385e-04,   4.287628e+02,   1.543512e+00,   1.405521e+02,   1.627287e-02,   1.318030e+01,   1.694004e-03,   1.511314e+01,   4.978573e-03,   1.126654e+01,   9.315184e-04,   1.170521e+01,   1.773749e-03,              3,              0,       1 meters
  10/14/2016 12:18:18.427,   1.906236e+00,   5.428488e-04,   1.069097e+04,   1.727530e+02,   4.289117e+02,   1.331935e+00,   1.926836e+00,   8.318113e-04,   4.335470e+02,   1.414986e+00,   1.405353e+02,   2.218170e-02,   1.318490e+01,   1.355868e-03,   1.512710e+01,   3.473476e-03,   1.127040e+01,   3.807923e-03,   1.170650e+01,   5.062115e-03,              3,              0,       1 meters
  10/14/2016 12:18:23.310,   1.904603e+00,   5.955497e-04,   1.088721e+04,   1.149080e+02,   4.330932e+02,   1.523269e+00,   1.925567e+00,   3.956717e-04,   4.378604e+02,   1.590555e+00,   1.405988e+02,   2.671501e-02,   1.318945e+01,   1.397656e-03,   1.513011e+01,   1.368318e-03,   1.126423e+01,   2.211718e-03,   1.170205e+01,   1.057565e-03,              3,              0,       1 meters
  10/14/2016 12:18:28.194,   1.901370e+00,   9.181377e-04,   1.109480e+04,   1.217539e+02,   4.374217e+02,   1.275742e+00,   1.922702e+00,   8.253302e-04,   4.423294e+02,   1.338681e+00,   1.406129e+02,   1.900908e-02,   1.319378e+01,   1.627228e-03,   1.513272e+01,   2.589935e-03,   1.126425e+01,   4.247120e-03,   1.170182e+01,   5.073281e-03,              3,              0,       1 meters
  10/14/2016 12:18:33.080,   1.898991e+00,   1.857433e-03,   1.134286e+04,   9.163980e+01,   4.414158e+02,   1.357389e+00,   1.920779e+00,   2.052124e-03,   4.464801e+02,   1.360937e+00,   1.405747e+02,   1.516843e-02,   1.319806e+01,   1.317395e-03,   1.515370e+01,   6.695171e-03,   1.126820e+01,   2.854949e-03,   1.170442e+01,   3.051905e-03,              3,              0,       1 meters
  10/14/2016 12:18:37.963,   1.898079e+00,   4.366948e-04,   1.146871e+04,   5.186215e+01,   4.458680e+02,   1.419895e+00,   1.920101e+00,   4.577481e-04,   4.510409e+02,   1.454451e+00,   1.405327e+02,   1.685753e-02,   1.320247e+01,   1.273474e-03,   1.516705e+01,   1.964672e-03,   1.126459e+01,   2.894612e-03,   1.170334e+01,   2.758988e-03,              3,              0,       1 meters
  10/14/2016 12:18:42.846,   1.894610e+00,   1.545531e-03,   1.153791e+04,   7.142668e+01,   4.499292e+02,   1.330124e+00,   1.916725e+00,   1.520331e-03,   4.551811e+02,   1.360804e+00,   1.405641e+02,   2.638756e-02,   1.320684e+01,   1.568246e-03,   1.517252e+01,   1.416452e-03,   1.126791e+01,   3.968230e-03,   1.170267e+01,   6.489397e-03,              3,              0,       1 meters
  10/14/2016 12:18:47.732,   1.893153e+00,   1.523291e-03,   1.169047e+04,   6.806644e+01,   4.541498e+02,   1.284049e+00,   1.915547e+00,   1.589062e-03,   4.595219e+02,   1.301413e+00,   1.406209e+02,   2.632633e-02,   1.321129e+01,   1.437952e-03,   1.518238e+01,   2.476070e-03,   1.126575e+01,   2.516722e-03,   1.170155e+01,   2.379380e-03,              3,              0,       1 meters
  10/14/2016 12:18:52.614,   1.891029e+00,   1.069282e-03,   1.178404e+04,   3.103859e+01,   4.581373e+02,   1.155395e+00,   1.913579e+00,   1.109714e-03,   4.636004e+02,   1.156738e+00,   1.405999e+02,   2.252523e-02,   1.321579e+01,   1.472813e-03,   1.518659e+01,   2.742316e-03,   1.126733e+01,   2.275048e-03,   1.170358e+01,   3.654907e-03,              3,              0,       1 meters
  10/14/2016 12:18:57.499,   1.890074e+00,   1.515331e-03,   1.183255e+04,   4.224178e+01,   4.620439e+02,   1.365327e+00,   1.912706e+00,   1.595166e-03,   4.675765e+02,   1.373089e+00,   1.405550e+02,   1.446614e-02,   1.322017e+01,   1.559175e-03,   1.520095e+01,   5.628444e-03,   1.126434e+01,   2.989615e-03,   1.170354e+01,   3.339915e-03,              3,              0,       1 meters
  10/14/2016 12:19:02.384,   1.886922e+00,   4.888470e-04,   1.189417e+04,   8.087872e+01,   4.660762e+02,   1.312909e+00,   1.909636e+00,   5.037557e-04,   4.716866e+02,   1.355467e+00,   1.405450e+02,   1.711182e-02,   1.322466e+01,   1.414112e-03,   1.521451e+01,   1.149191e-03,   1.126593e+01,   2.259030e-03,   1.170233e+01,   1.910581e-03,              3,              0,       1 meters
  10/14/2016 12:19:07.270,   1.884347e+00,   2.871801e-03,   1.198145e+04,   8.621438e+01,   4.697915e+02,   1.131836e+00,   1.907198e+00,   2.893330e-03,   4.754885e+02,   1.130429e+00,   1.405908e+02,   3.116216e-02,   1.322925e+01,   1.371254e-03,   1.522671e+01,   5.400330e-03,   1.126894e+01,   6.514828e-03,   1.170732e+01,   6.385143e-03,              3,              0,       1 meters
  10/14/2016 12:19:12.156,   1.883208e+00,   1.430129e-03,   1.214240e+04,   1.267189e+02,   4.734066e+02,   1.402731e+00,   1.906356e+00,   1.510503e-03,   4.792255e+02,   1.400838e+00,   1.406187e+02,   2.639955e-02,   1.323385e+01,   1.708707e-03,   1.523945e+01,   5.391924e-03,   1.126579e+01,   5.407627e-03,   1.170905e+01,   4.982679e-03,              3,              0,       1 meters
  10/14/2016 12:19:17.041,   1.880300e+00,   1.929359e-03,   1.211579e+04,   6.141480e+01,   4.772430e+02,   1.120907e+00,   1.903360e+00,   1.940125e-03,   4.830961e+02,   1.125976e+00,   1.405810e+02,   1.689363e-02,   1.323833e+01,   1.535820e-03,   1.525568e+01,   4.514253e-03,   1.126982e+01,   4.723882e-03,   1.170672e+01,   4.440781e-03,              3,              0,       1 meters
  10/14/2016 12:19:21.924,   1.877559e+00,   1.787640e-03,   1.217671e+04,   1.093133e+02,   4.809694e+02,   1.275895e+00,   1.900703e+00,   1.893597e-03,   4.868983e+02,   1.340092e+00,   1.405379e+02,   1.856437e-02,   1.324303e+01,   1.287204e-03,   1.527542e+01,   5.584550e-03,   1.126965e+01,   2.459793e-03,   1.170721e+01,   2.844832e-03,              3,              0,       1 meters
  10/14/2016 12:19:26.808,   1.877105e+00,   1.221996e-03,   1.225981e+04,   1.454775e+02,   4.846404e+02,   1.023609e+00,   1.900403e+00,   1.116777e-03,   4.906558e+02,   1.064731e+00,   1.405536e+02,   2.022302e-02,   1.324785e+01,   1.473954e-03,   1.529764e+01,   8.439048e-03,   1.126852e+01,   6.382597e-03,   1.170650e+01,   7.832331e-03,              3,              0,       1 meters
  10/14/2016 12:19:31.693,   1.873644e+00,   2.052715e-03,   1.233000e+04,   1.077561e+02,   4.880326e+02,   1.220305e+00,   1.897034e+00,   1.949846e-03,   4.941252e+02,   1.250356e+00,   1.406051e+02,   2.058259e-02,   1.325266e+01,   1.653892e-03,   1.531686e+01,   4.833402e-03,   1.126877e+01,   3.253363e-03,   1.170882e+01,   3.499525e-03,              3,              0,       1 meters
  10/14/2016 12:19:36.578,   1.873629e+00,   7.862151e-04,   1.240021e+04,   1.078532e+02,   4.919018e+02,   1.376239e+00,   1.897154e+00,   9.626620e-04,   4.980782e+02,   1.425135e+00,   1.406107e+02,   2.441528e-02,   1.325767e+01,   1.562368e-03,   1.533823e+01,   7.798233e-03,   1.126538e+01,   2.814918e-03,   1.170539e+01,   6.531137e-03,              3,              0,       1 meters
  10/14/2016 12:19:41.462,   1.871350e+00,   8.905271e-04,   1.247895e+04,   8.745627e+01,   4.953595e+02,   1.102412e+00,   1.894998e+00,   1.010824e-03,   5.016192e+02,   1.101353e+00,   1.405572e+02,   2.362508e-02,   1.326270e+01,   1.608085e-03,   1.535764e+01,   7.170690e-03,   1.126762e+01,   3.081998e-03,   1.170503e+01,   1.861564e-03,              3,              0,       1 meters
  10/14/2016 12:19:46.346,   1.867944e+00,   1.260827e-03,   1.235658e+04,   6.606918e+01,   4.985172e+02,   1.159302e+00,   1.891314e+00,   1.155106e-03,   5.047542e+02,   1.193370e+00,   1.405430e+02,   1.872028e-02,   1.326783e+01,   1.792296e-03,   1.538227e+01,   8.903989e-03,   1.127158e+01,   3.229446e-03,   1.170698e+01,   3.871685e-03,              3,              0,       1 meters
  10/14/2016 12:19:51.231,   1.868506e+00,   2.417916e-03,   1.255227e+04,   1.021103e+02,   5.020805e+02,   1.104067e+00,   1.892259e+00,   2.637958e-03,   5.084628e+02,   1.084430e+00,   1.405814e+02,   1.621794e-02,   1.327314e+01,   1.852713e-03,   1.541449e+01,   1.142218e-02,   1.126753e+01,   3.556699e-03,   1.170690e+01,   8.769011e-03,              3,              0,       1 meters
  10/14/2016 12:19:56.116,   1.865081e+00,   1.317858e-03,   1.255235e+04,   6.002325e+01,   5.056430e+02,   1.156347e+00,   1.888790e+00,   1.403569e-03,   5.120707e+02,   1.180532e+00,   1.406253e+02,   2.255444e-02,   1.327851e+01,   1.557343e-03,   1.544964e+01,   1.239935e-02,   1.126498e+01,   6.968603e-03,   1.170621e+01,   4.762919e-03,              3,              0,       1 meters
  10/14/2016 12:20:01.001,   1.862468e+00,   1.319723e-03,   1.256916e+04,   6.156428e+01,   5.088851e+02,   9.805391e-01,   1.886176e+00,   1.307400e-03,   5.153629e+02,   1.016291e+00,   1.405846e+02,   2.565563e-02,   1.328416e+01,   1.805264e-03,   1.548360e+01,   9.765574e-03,   1.126757e+01,   2.546065e-03,   1.170608e+01,   1.055727e-03,              3,              0,       1 meters
  10/14/2016 12:20:05.884,   1.860819e+00,   1.116066e-03,   1.266589e+04,   8.379500e+01,   5.119592e+02,   1.288649e+00,   1.884691e+00,   1.076618e-03,   5.185269e+02,   1.315623e+00,   1.405501e+02,   1.772914e-02,   1.328989e+01,   2.070526e-03,   1.551378e+01,   1.010992e-02,   1.127069e+01,   6.537957e-03,   1.170863e+01,   6.743848e-03,              3,              0,       1 meters
  10/14/2016 12:20:10.767,   1.859984e+00,   2.209686e-03,   1.267246e+04,   8.258447e+01,   5.154678e+02,   8.055866e-01,   1.883857e+00,   2.361344e-03,   5.220839e+02,   8.157056e-01,   1.405432e+02,   1.748180e-02,   1.329569e+01,   1.822384e-03,   1.554312e+01,   9.601294e-03,   1.126528e+01,   5.830396e-03,   1.170422e+01,   4.115370e-03,              3,              0,       1 meters
  10/14/2016 12:20:15.654,   1.856597e+00,   1.210774e-03,   1.264051e+04,   1.225707e+02,   5.179215e+02,   1.042244e+00,   1.880366e+00,   1.316664e-03,   5.245521e+02,   1.044392e+00,   1.406149e+02,   2.106175e-02,   1.330204e+01,   1.750765e-03,   1.556914e+01,   6.803019e-03,   1.127164e+01,   6.164761e-03,   1.171491e+01,   4.349209e-03,              3,              0,       1 meters
  10/14/2016 12:20:20.539,   1.853508e+00,   2.397080e-03,   1.259836e+04,   7.654600e+01,   5.212405e+02,   7.890999e-01,   1.877158e+00,   2.547833e-03,   5.278911e+02,   7.913377e-01,   1.406142e+02,   2.274625e-02,   1.330835e+01,   1.874618e-03,   1.558820e+01,   5.643589e-03,   1.127443e+01,   4.529360e-03,   1.171144e+01,   5.856347e-03,              3,              0,       1 meters
  10/14/2016 12:20:25.422,   1.854553e+00,   1.945838e-03,   1.267637e+04,   9.425737e+01,   5.247484e+02,   8.837085e-01,   1.878364e+00,   2.101718e-03,   5.314857e+02,   9.035711e-01,   1.405651e+02,   1.589901e-02,   1.331483e+01,   2.210649e-03,   1.560421e+01,   3.338337e-03,   1.126824e+01,   4.950869e-03,   1.170653e+01,   5.665729e-03,              3,              0,       1 meters
  10/14/2016 12:20:30.314,   1.851290e+00,   7.131079e-04,   1.268260e+04,   4.023543e+01,   5.279135e+02,   1.075797e+00,   1.875071e+00,   6.536684e-04,   5.346949e+02,   1.108530e+00,   1.405377e+02,   2.046865e-02,   1.332157e+01,   2.214659e-03,   1.560361e+01,   1.848395e-03,   1.126944e+01,   2.101551e-03,   1.170796e+01,   2.241592e-03,              3,              0,       1 meters
  10/14/2016 12:20:35.203,   1.849703e+00,   6.463929e-04,   1.271575e+04,   6.548068e+01,   5.310168e+02,   1.039364e+00,   1.873526e+00,   5.638686e-04,   5.378560e+02,   1.083877e+00,   1.405668e+02,   8.771659e-03,   1.332852e+01,   2.005637e-03,   1.560180e+01,   7.686460e-04,   1.126740e+01,   2.313294e-03,   1.170960e+01,   2.567891e-03,              3,              0,       1 meters
  10/14/2016 12:20:40.089,   1.847286e+00,   1.384551e-03,   1.284432e+04,   4.266329e+01,   5.337975e+02,   9.997233e-01,   1.871321e+00,   1.399129e-03,   5.407429e+02,   1.021350e+00,   1.406266e+02,   1.889679e-02,   1.333554e+01,   2.199968e-03,   1.559871e+01,   2.504877e-03,   1.127041e+01,   2.148646e-03,   1.170999e+01,   3.437088e-03,              3,              0,       1 meters
  10/14/2016 12:20:44.979,   1.845545e+00,   1.445606e-03,   1.283858e+04,   4.707484e+01,   5.369204e+02,   9.888782e-01,   1.869548e+00,   1.549369e-03,   5.439033e+02,   9.814520e-01,   1.406101e+02,   2.408273e-02,   1.334264e+01,   2.450202e-03,   1.558843e+01,   3.682796e-03,   1.126947e+01,   1.628837e-03,   1.170950e+01,   5.269022e-03,              3,              0,       1 meters
  10/14/2016 12:20:49.864,   1.843518e+00,   1.650185e-03,   1.281154e+04,   8.092066e+01,   5.400297e+02,   1.198217e+00,   1.867443e+00,   1.792049e-03,   5.470381e+02,   1.236904e+00,   1.405683e+02,   1.479978e-02,   1.334973e+01,   2.418928e-03,   1.558444e+01,   1.772930e-03,   1.126691e+01,   5.514784e-03,   1.170751e+01,   5.846604e-03,              3,              0,       1 meters
  10/14/2016 12:20:54.746,   1.841824e+00,   7.822674e-04,   1.286308e+04,   7.760930e+01,   5.429147e+02,   8.734729e-01,   1.865824e+00,   8.737407e-04,   5.499893e+02,   8.855543e-01,   1.405441e+02,   1.889344e-02,   1.335674e+01,   2.213803e-03,   1.557439e+01,   3.217872e-03,   1.126725e+01,   3.343283e-03,   1.170943e+01,   3.047819e-03,              3,              0,       1 meters
  10/14/2016 12:20:59.631,   1.840131e+00,   7.687548e-04,   1.289573e+04,   5.877186e+01,   5.456518e+02,   1.208141e+00,   1.864171e+00,   7.342630e-04,   5.527804e+02,   1.243469e+00,   1.405763e+02,   2.835891e-02,   1.336382e+01,   2.125486e-03,   1.556770e+01,   1.893578e-03,   1.127021e+01,   2.935780e-03,   1.171245e+01,   6.425625e-03,              3,              0,       1 meters
  10/14/2016 12:21:04.516,   1.837436e+00,   1.208709e-03,   1.285451e+04,   1.303326e+02,   5.487828e+02,   9.478755e-01,   1.861363e+00,   1.409302e-03,   5.559290e+02,   9.896915e-01,   1.406257e+02,   2.111888e-02,   1.337045e+01,   2.089173e-03,   1.557719e+01,   3.542931e-03,   1.126952e+01,   4.730875e-03,   1.170757e+01,   1.728214e-03,              3,              0,       1 meters
  10/14/2016 12:21:09.402,   1.836220e+00,   1.081484e-03,   1.288849e+04,   4.075974e+01,   5.518923e+02,   1.040198e+00,   1.860196e+00,   1.142204e-03,   5.590983e+02,   1.042557e+00,   1.405877e+02,   1.797644e-02,   1.337711e+01,   2.104863e-03,   1.558467e+01,   1.359122e-03,   1.126880e+01,   1.381418e-03,   1.170725e+01,   1.169684e-03,              3,              0,       1 meters
  10/14/2016 12:21:14.285,   1.833611e+00,   8.430875e-04,   1.289970e+04,   4.245220e+01,   5.544130e+02,   1.014421e+00,   1.857573e+00,   8.628779e-04,   5.616582e+02,   1.039879e+00,   1.405444e+02,   1.947125e-02,   1.338324e+01,   1.927063e-03,   1.558968e+01,   3.956901e-03,   1.127139e+01,   4.232051e-03,   1.171358e+01,   3.735589e-03,              3,              0,       1 meters
  10/14/2016 12:21:19.170,   1.834067e+00,   2.575319e-03,   1.297895e+04,   9.379345e+01,   5.579381e+02,   6.696744e-01,   1.858184e+00,   2.782044e-03,   5.652747e+02,   6.451249e-01,   1.405461e+02,   1.778118e-02,   1.338902e+01,   1.795360e-03,   1.559047e+01,   3.573465e-03,   1.126453e+01,   4.728505e-03,   1.170821e+01,   5.143324e-03,              3,              0,       1 meters
  10/14/2016 12:21:24.054,   1.829967e+00,   1.510123e-03,   1.295066e+04,   4.652943e+01,   5.604744e+02,   1.007198e+00,   1.853977e+00,   1.588465e-03,   5.678281e+02,   9.994890e-01,   1.406175e+02,   2.064652e-02,   1.339490e+01,   1.972716e-03,   1.558254e+01,   1.754664e-03,   1.126870e+01,   3.065599e-03,   1.170892e+01,   2.466475e-03,              3,              0,       1 meters
  10/14/2016 12:21:28.939,   1.826561e+00,   1.125191e-03,   1.299294e+04,   4.036790e+01,   5.650845e+02,   2.676293e+00,   1.850605e+00,   1.108492e-03,   5.725233e+02,   2.720035e+00,   1.406076e+02,   2.379396e-02,   1.340099e+01,   2.009422e-03,   1.558780e+01,   2.465282e-03,   1.127071e+01,   2.786379e-03,   1.170975e+01,   1.570833e-03,              3,              0,       1 meters
  10/14/2016 12:21:33.823,   1.819694e+00,   1.867748e-03,   1.291216e+04,   1.198227e+02,   5.766473e+02,   3.788881e+00,   1.843498e+00,   2.003561e-03,   5.841903e+02,   3.804602e+00,   1.405543e+02,   2.635611e-02,   1.341452e+01,   9.623133e-03,   1.559589e+01,   4.103036e-03,   1.127327e+01,   1.798241e-03,   1.171258e+01,   3.773719e-03,              3,              0,       1 meters
  10/14/2016 12:21:38.711,   1.847739e+00,   1.491526e-02,   1.231550e+04,   4.924782e+02,   5.653519e+02,   1.538842e+01,   1.870773e+00,   1.419080e-02,   5.724075e+02,   1.585324e+01,   1.405237e+02,   1.997852e-02,   1.342842e+01,   1.544465e-03,   1.560360e+01,   2.757084e-03,   1.126947e+01,   2.784429e-03,   1.170470e+01,   2.164705e-03,              3,              0,       1 meters
  10/14/2016 12:21:43.597,   1.888372e+00,   1.005541e-02,   1.023823e+04,   6.223125e+02,   4.954364e+02,   2.177910e+01,   1.907902e+00,   8.983719e-03,   5.005725e+02,   2.232114e+01,   1.405572e+02,   7.605368e-03,   1.343505e+01,   2.293855e-03,   1.561156e+01,   1.690442e-03,   1.127129e+01,   5.873027e-03,   1.170680e+01,   6.283555e-03,              3,              0,       1 meters
  10/14/2016 12:21:48.482,   1.909028e+00,   4.501627e-03,   8.343986e+03,   5.301415e+02,   4.457661e+02,   1.063838e+01,   1.925090e+00,   3.512683e-03,   4.495215e+02,   1.096818e+01,   1.406167e+02,   2.293735e-02,   1.343919e+01,   1.241177e-03,   1.560635e+01,   6.953491e-04,   1.127383e+01,   1.728198e-03,   1.171363e+01,   1.794782e-03,              3,              0,       1 meters
  10/14/2016 12:21:53.367,   1.922784e+00,   3.923386e-03,   7.082181e+03,   2.433949e+02,   4.223308e+02,   4.159454e+00,   1.936498e+00,   3.549505e-03,   4.253439e+02,   4.286452e+00,   1.405725e+02,   1.519390e-02,   1.344360e+01,   1.053647e-03,   1.561412e+01,   3.614213e-03,   1.127567e+01,   4.139282e-03,   1.171466e+01,   3.941412e-03,              3,              0,       1 meters
  10/14/2016 12:21:58.251,   1.927052e+00,   1.003898e-03,   6.479370e+03,   1.409680e+02,   4.131118e+02,   2.150091e+00,   1.939619e+00,   7.973615e-04,   4.158062e+02,   2.219805e+00,   1.405385e+02,   2.654224e-02,   1.344846e+01,   1.419090e-03,   1.561921e+01,   1.631761e-03,   1.127442e+01,   4.896984e-03,   1.171262e+01,   3.098011e-03,              3,              0,       1 meters
  10/14/2016 12:22:03.135,   1.928592e+00,   2.027838e-03,   6.169697e+03,   1.297819e+02,   4.075997e+02,   1.508263e+00,   1.940564e+00,   2.127228e-03,   4.101302e+02,   1.544651e+00,   1.405463e+02,   2.839164e-02,   1.345254e+01,   2.006551e-03,   1.561995e+01,   7.889391e-04,   1.127386e+01,   1.415975e-03,   1.171076e+01,   4.177538e-03,              3,              0,       1 meters
