VC:2f90039 BD:Jan 16 2014 SN:LGR-14-0208
                     Time,      [CH4]_ppm,   [CH4]_ppm_sd,      [H2O]_ppm,   [H2O]_ppm_sd,      [CO2]_ppm,   [CO2]_ppm_sd,     [CH4]d_ppm,  [CH4]d_ppm_sd,     [CO2]d_ppm,  [CO2]d_ppm_sd,      GasP_torr,   GasP_torr_sd,         GasT_C,      GasT_C_sd,         AmbT_C,      AmbT_C_sd,         RD0_us,      RD0_us_sd,         RD1_us,      RD1_us_sd,       Fit_Flag,      MIU_VALVE,       MIU_DESC
  10/14/2016 11:48:09.809,   1.909526e+00,   1.896370e-03,   6.527577e+03,   1.868237e+02,   4.066223e+02,   9.101614e-01,   1.922072e+00,   1.931362e-03,   4.092941e+02,   9.716406e-01,   1.405508e+02,   6.255607e-03,   1.310366e+01,   1.578866e-03,   1.172894e+01,   2.590271e-03,   1.126796e+01,   3.424705e-03,   1.170901e+01,   4.947347e-03,              3,              0,       1 meters
  10/14/2016 11:48:14.694,   1.904349e+00,   2.350071e-03,   6.884347e+03,   1.317450e+02,   4.088403e+02,   8.902478e-01,   1.917550e+00,   2.293074e-03,   4.116745e+02,   9.468199e-01,   1.406095e+02,   1.816164e-02,   1.309798e+01,   2.056690e-03,   1.173603e+01,   3.859294e-03,   1.126849e+01,   4.928321e-03,   1.171045e+01,   5.427859e-03,              3,              0,       1 meters
  10/14/2016 11:48:19.578,   1.900044e+00,   2.946693e-03,   7.043330e+03,   5.750482e+01,   4.094553e+02,   3.728220e-01,   1.913521e+00,   2.998639e-03,   4.123597e+02,   3.663519e-01,   1.406059e+02,   2.413139e-02,   1.309168e+01,   1.920899e-03,   1.174820e+01,   5.168311e-03,   1.127139e+01,   3.929914e-03,   1.171395e+01,   6.169206e-03,              3,              0,       1 meters
  10/14/2016 11:48:24.462,   1.897502e+00,   1.482933e-03,   7.068916e+03,   9.038446e+01,   4.094599e+02,   3.225366e-01,   1.911011e+00,   1.628595e-03,   4.123750e+02,   3.310301e-01,   1.405619e+02,   1.487024e-02,   1.308532e+01,   1.954027e-03,   1.175922e+01,   4.044372e-03,   1.127392e+01,   2.506780e-03,   1.171449e+01,   4.037343e-03,              3,              0,       1 meters
  10/14/2016 11:48:29.346,   1.897880e+00,   1.825827e-03,   7.132366e+03,   9.435801e+01,   4.089560e+02,   8.835648e-01,   1.911514e+00,   1.763828e-03,   4.118938e+02,   9.108193e-01,   1.405374e+02,   2.198801e-02,   1.307910e+01,   1.806821e-03,   1.177149e+01,   3.602404e-03,   1.127425e+01,   3.774588e-03,   1.171710e+01,   5.134744e-03,              3,              0,       1 meters
  10/14/2016 11:48:34.232,   1.908821e+00,   1.504447e-03,   6.904354e+03,   1.748189e+02,   4.058612e+02,   1.000163e+00,   1.922092e+00,   1.318239e-03,   4.086831e+02,   1.078812e+00,   1.405502e+02,   2.627450e-02,   1.307296e+01,   1.984804e-03,   1.178066e+01,   2.725396e-03,   1.126840e+01,   3.010944e-03,   1.171260e+01,   4.721833e-03,              3,              0,       1 meters
  10/14/2016 11:48:39.116,   1.910326e+00,   6.194758e-04,   6.797038e+03,   6.139124e+01,   4.045470e+02,   3.558604e-01,   1.923399e+00,   7.149255e-04,   4.073155e+02,   3.615531e-01,   1.406123e+02,   2.082209e-02,   1.306624e+01,   1.889372e-03,   1.178842e+01,   3.091049e-03,   1.127265e+01,   2.242381e-03,   1.171371e+01,   3.712472e-03,              3,              0,       1 meters
  10/14/2016 11:48:44.000,   1.909073e+00,   5.657875e-04,   7.012495e+03,   9.625037e+01,   4.051761e+02,   4.801932e-01,   1.922555e+00,   5.776404e-04,   4.080375e+02,   5.226212e-01,   1.405947e+02,   1.900434e-02,   1.306026e+01,   1.901542e-03,   1.180018e+01,   3.556569e-03,   1.127429e+01,   1.534002e-03,   1.171361e+01,   4.180227e-03,              3,              0,       1 meters
  10/14/2016 11:48:48.884,   1.908041e+00,   1.046054e-03,   7.180497e+03,   8.682023e+01,   4.063130e+02,   4.960170e-01,   1.921841e+00,   9.204511e-04,   4.092517e+02,   5.195467e-01,   1.405614e+02,   1.654229e-02,   1.305360e+01,   1.850202e-03,   1.180854e+01,   2.216187e-03,   1.127102e+01,   3.584525e-03,   1.171428e+01,   6.903636e-03,              3,              0,       1 meters
  10/14/2016 11:48:53.769,   1.903858e+00,   1.686366e-03,   7.293013e+03,   7.347611e+01,   4.079330e+02,   5.177293e-01,   1.917845e+00,   1.599490e-03,   4.109300e+02,   5.435776e-01,   1.405303e+02,   1.947536e-02,   1.304745e+01,   1.907887e-03,   1.181414e+01,   2.056414e-03,   1.127219e+01,   5.949745e-03,   1.171520e+01,   3.874307e-03,              3,              0,       1 meters
  10/14/2016 11:48:58.654,   1.901779e+00,   9.018918e-04,   7.574520e+03,   1.290247e+02,   4.101071e+02,   9.763690e-01,   1.916294e+00,   7.676994e-04,   4.132373e+02,   1.025202e+00,   1.405528e+02,   2.130143e-02,   1.304135e+01,   1.914224e-03,   1.181947e+01,   2.044466e-03,   1.126944e+01,   2.700669e-03,   1.171291e+01,   7.637098e-03,              3,              0,       1 meters
  10/14/2016 11:49:03.538,   1.896750e+00,   2.151236e-03,   7.688803e+03,   7.552352e+01,   4.117899e+02,   4.360539e-01,   1.911446e+00,   2.107271e-03,   4.149806e+02,   4.403392e-01,   1.406177e+02,   1.789284e-02,   1.303566e+01,   1.724935e-03,   1.182269e+01,   1.598973e-03,   1.127461e+01,   6.598745e-03,   1.171623e+01,   8.349697e-03,              3,              0,       1 meters
  10/14/2016 11:49:08.423,   1.891826e+00,   2.478870e-03,   7.684793e+03,   1.033127e+02,   4.137936e+02,   5.851948e-01,   1.906477e+00,   2.647341e-03,   4.169982e+02,   5.718978e-01,   1.405968e+02,   1.855311e-02,   1.302963e+01,   1.907447e-03,   1.182918e+01,   2.964695e-03,   1.127424e+01,   2.675004e-03,   1.171654e+01,   4.020169e-03,              3,              0,       1 meters
  10/14/2016 11:49:13.307,   1.889842e+00,   1.785248e-03,   7.714112e+03,   9.323099e+01,   4.162586e+02,   6.457163e-01,   1.904533e+00,   1.640222e-03,   4.194947e+02,   6.861718e-01,   1.405589e+02,   6.067332e-03,   1.302378e+01,   1.808545e-03,   1.183796e+01,   2.114450e-03,   1.126978e+01,   7.546264e-03,   1.171252e+01,   1.715049e-03,              3,              0,       1 meters
  10/14/2016 11:49:18.192,   1.885966e+00,   2.670265e-03,   7.829034e+03,   1.062882e+02,   4.185623e+02,   6.262324e-01,   1.900848e+00,   2.767825e-03,   4.218651e+02,   6.419544e-01,   1.405370e+02,   1.846232e-02,   1.301774e+01,   1.650097e-03,   1.184298e+01,   2.299556e-03,   1.127065e+01,   3.747720e-03,   1.170996e+01,   2.341544e-03,              3,              0,       1 meters
  10/14/2016 11:49:23.074,   1.882395e+00,   2.338824e-03,   7.914588e+03,   4.360674e+01,   4.204408e+02,   6.836134e-01,   1.897412e+00,   2.301331e-03,   4.237949e+02,   6.838499e-01,   1.405910e+02,   3.270002e-02,   1.301162e+01,   1.817541e-03,   1.184945e+01,   1.312979e-03,   1.127221e+01,   4.368205e-03,   1.171443e+01,   4.140319e-03,              3,              0,       1 meters
  10/14/2016 11:49:27.958,   1.878309e+00,   1.249750e-03,   7.983972e+03,   5.211301e+01,   4.225906e+02,   6.475040e-01,   1.893426e+00,   1.300045e-03,   4.259917e+02,   6.402052e-01,   1.406140e+02,   2.096009e-02,   1.300559e+01,   2.192409e-03,   1.185165e+01,   2.097991e-03,   1.127148e+01,   2.223678e-03,   1.171170e+01,   1.641071e-03,              3,              0,       1 meters
  10/14/2016 11:49:32.845,   1.874713e+00,   1.612762e-03,   8.019472e+03,   5.781815e+00,   4.246553e+02,   5.534676e-01,   1.889868e+00,   1.627537e-03,   4.280883e+02,   5.572708e-01,   1.405742e+02,   9.104401e-03,   1.299964e+01,   2.093230e-03,   1.185816e+01,   1.908391e-03,   1.126970e+01,   4.290776e-03,   1.171095e+01,   3.343835e-03,              3,              0,       1 meters
  10/14/2016 11:49:37.730,   1.870885e+00,   1.030598e-03,   8.108229e+03,   2.742011e+01,   4.267426e+02,   7.185215e-01,   1.886178e+00,   1.043990e-03,   4.302310e+02,   7.288190e-01,   1.405412e+02,   1.645231e-02,   1.299373e+01,   2.211341e-03,   1.186366e+01,   1.508956e-03,   1.127150e+01,   3.760889e-03,   1.171375e+01,   2.209029e-03,              3,              0,       1 meters
  10/14/2016 11:49:42.614,   1.867018e+00,   2.281868e-03,   8.106646e+03,   4.442759e+01,   4.288630e+02,   5.332967e-01,   1.882277e+00,   2.340405e-03,   4.323681e+02,   5.303010e-01,   1.405628e+02,   3.234466e-02,   1.298787e+01,   1.851889e-03,   1.186416e+01,   1.431713e-03,   1.127240e+01,   2.243399e-03,   1.171382e+01,   3.965354e-03,              3,              0,       1 meters
  10/14/2016 11:49:47.497,   1.863250e+00,   1.329937e-03,   8.136467e+03,   3.551451e+01,   4.309481e+02,   9.408382e-01,   1.878535e+00,   1.333080e-03,   4.344833e+02,   9.388243e-01,   1.406218e+02,   2.826991e-02,   1.298193e+01,   1.571505e-03,   1.186651e+01,   2.354769e-03,   1.126977e+01,   3.728028e-03,   1.171231e+01,   7.226952e-03,              3,              0,       1 meters
  10/14/2016 11:49:52.382,   1.858701e+00,   1.027419e-03,   8.167464e+03,   5.448031e+01,   4.329214e+02,   6.763530e-01,   1.874007e+00,   1.017594e-03,   4.364864e+02,   6.937355e-01,   1.405763e+02,   5.424389e-03,   1.297558e+01,   2.043322e-03,   1.187381e+01,   3.042075e-03,   1.127122e+01,   2.614064e-03,   1.171334e+01,   2.527933e-03,              3,              0,       1 meters
  10/14/2016 11:49:57.268,   1.854069e+00,   1.389926e-03,   8.251473e+03,   6.138023e+01,   4.350955e+02,   7.181161e-01,   1.869495e+00,   1.415344e-03,   4.387156e+02,   7.229265e-01,   1.405419e+02,   1.671961e-02,   1.296957e+01,   2.085280e-03,   1.187983e+01,   1.821187e-03,   1.127493e+01,   2.302599e-03,   1.171464e+01,   3.517822e-03,              3,              0,       1 meters
  10/14/2016 11:50:02.152,   1.852338e+00,   1.946682e-03,   8.312415e+03,   4.095908e+01,   4.371631e+02,   6.851977e-01,   1.867864e+00,   1.965360e-03,   4.408274e+02,   6.876674e-01,   1.405361e+02,   2.492782e-02,   1.296465e+01,   1.681792e-03,   1.188739e+01,   2.952570e-03,   1.126877e+01,   4.074054e-03,   1.171582e+01,   3.944275e-03,              3,              0,       1 meters
  10/14/2016 11:50:07.035,   1.847186e+00,   1.960011e-03,   8.308239e+03,   5.126156e+01,   4.394115e+02,   6.539670e-01,   1.862661e+00,   1.973403e-03,   4.430928e+02,   6.614044e-01,   1.405959e+02,   2.569148e-02,   1.295863e+01,   1.732518e-03,   1.189787e+01,   2.701805e-03,   1.127382e+01,   2.158205e-03,   1.171065e+01,   2.604410e-03,              3,              0,       1 meters
  10/14/2016 11:50:11.920,   1.842897e+00,   2.017848e-03,   8.328097e+03,   5.701714e+01,   4.412879e+02,   4.787230e-01,   1.858374e+00,   2.097894e-03,   4.449939e+02,   4.881460e-01,   1.406087e+02,   1.725228e-02,   1.295238e+01,   1.978758e-03,   1.190806e+01,   2.964408e-03,   1.127067e+01,   3.845500e-03,   1.171162e+01,   4.427589e-03,              3,              0,       1 meters
  10/14/2016 11:50:16.805,   1.839371e+00,   2.128322e-03,   8.388682e+03,   5.386389e+01,   4.433873e+02,   7.044837e-01,   1.854932e+00,   2.188254e-03,   4.471382e+02,   7.131091e-01,   1.405729e+02,   1.520992e-02,   1.294637e+01,   2.272236e-03,   1.191765e+01,   2.397035e-03,   1.127085e+01,   4.136222e-03,   1.171095e+01,   2.345316e-03,              3,              0,       1 meters
  10/14/2016 11:50:21.690,   1.835491e+00,   1.984197e-03,   8.392238e+03,   6.727201e+01,   4.452970e+02,   7.605919e-01,   1.851025e+00,   2.037481e-03,   4.490657e+02,   7.585495e-01,   1.405395e+02,   1.663405e-02,   1.294075e+01,   1.758045e-03,   1.192698e+01,   2.660721e-03,   1.127212e+01,   3.236232e-03,   1.171522e+01,   3.291493e-03,              3,              0,       1 meters
  10/14/2016 11:50:26.574,   1.830718e+00,   2.178333e-03,   8.370179e+03,   8.212160e+01,   4.476122e+02,   7.156316e-01,   1.846171e+00,   2.308087e-03,   4.513904e+02,   6.928398e-01,   1.405505e+02,   1.950432e-02,   1.293480e+01,   1.896925e-03,   1.193689e+01,   2.782071e-03,   1.126908e+01,   3.733078e-03,   1.171126e+01,   3.505984e-03,              3,              0,       1 meters
  10/14/2016 11:50:31.458,   1.825323e+00,   3.087061e-03,   8.393802e+03,   6.805785e+01,   4.494557e+02,   7.734627e-01,   1.840774e+00,   3.180671e-03,   4.532602e+02,   7.521738e-01,   1.406040e+02,   2.802938e-02,   1.292902e+01,   2.214286e-03,   1.194326e+01,   1.397464e-03,   1.127146e+01,   5.589825e-03,   1.171039e+01,   4.255053e-03,              3,              0,       1 meters
  10/14/2016 11:50:36.343,   1.822872e+00,   2.012907e-03,   8.499864e+03,   5.087112e+01,   4.514551e+02,   4.800041e-01,   1.838499e+00,   2.004869e-03,   4.553253e+02,   4.924440e-01,   1.406093e+02,   2.492253e-02,   1.292318e+01,   1.659529e-03,   1.195244e+01,   4.048509e-03,   1.127185e+01,   3.423844e-03,   1.171360e+01,   3.600671e-03,              3,              0,       1 meters
  10/14/2016 11:50:41.229,   1.817897e+00,   1.695562e-03,   8.518187e+03,   4.479010e+01,   4.533234e+02,   4.255881e-01,   1.833515e+00,   1.705612e-03,   4.572180e+02,   4.426574e-01,   1.405719e+02,   1.392731e-02,   1.291742e+01,   1.853268e-03,   1.195897e+01,   1.412654e-03,   1.127369e+01,   5.541358e-03,   1.171399e+01,   4.414371e-03,              3,              0,       1 meters
  10/14/2016 11:50:46.111,   1.814669e+00,   1.103291e-03,   8.493914e+03,   8.509971e+01,   4.556401e+02,   1.022187e+00,   1.830214e+00,   1.023141e-03,   4.595434e+02,   1.067648e+00,   1.405363e+02,   2.014034e-02,   1.291206e+01,   1.963190e-03,   1.196573e+01,   2.431926e-03,   1.127004e+01,   2.021216e-03,   1.170910e+01,   6.117299e-03,              3,              0,       1 meters
  10/14/2016 11:50:50.995,   1.810344e+00,   2.189608e-03,   8.458086e+03,   1.357447e+02,   4.569553e+02,   6.252996e-01,   1.825786e+00,   2.373630e-03,   4.608533e+02,   6.679460e-01,   1.405518e+02,   1.916742e-02,   1.290635e+01,   1.677907e-03,   1.197309e+01,   3.730204e-03,   1.127282e+01,   4.112778e-03,   1.171352e+01,   3.874071e-03,              3,              0,       1 meters
  10/14/2016 11:50:55.881,   1.806267e+00,   1.988650e-03,   8.556913e+03,   7.376182e+01,   4.589222e+02,   5.766396e-01,   1.821857e+00,   2.083548e-03,   4.628830e+02,   5.632391e-01,   1.406126e+02,   1.338060e-02,   1.290114e+01,   1.852229e-03,   1.197982e+01,   2.361354e-03,   1.127438e+01,   8.580803e-03,   1.171211e+01,   8.933952e-03,              3,              0,       1 meters
  10/14/2016 11:51:00.766,   1.802160e+00,   2.092616e-03,   8.586908e+03,   1.327507e+02,   4.608640e+02,   8.338066e-01,   1.817770e+00,   2.302158e-03,   4.648557e+02,   8.572228e-01,   1.406023e+02,   2.290648e-02,   1.289546e+01,   1.752816e-03,   1.198553e+01,   2.642689e-03,   1.127418e+01,   6.442776e-03,   1.171413e+01,   5.276072e-03,              3,              0,       1 meters
  10/14/2016 11:51:05.649,   1.798890e+00,   1.031745e-03,   8.562338e+03,   6.129029e+01,   4.628950e+02,   6.686778e-01,   1.814426e+00,   1.062165e-03,   4.668927e+02,   6.871704e-01,   1.405627e+02,   2.336614e-02,   1.288977e+01,   1.600864e-03,   1.198601e+01,   1.293762e-03,   1.126973e+01,   4.400375e-03,   1.171225e+01,   3.013308e-03,              3,              0,       1 meters
  10/14/2016 11:51:10.533,   1.794520e+00,   1.792231e-03,   8.595514e+03,   1.442935e+01,   4.646880e+02,   6.326946e-01,   1.810079e+00,   1.809118e-03,   4.687168e+02,   6.384404e-01,   1.405339e+02,   2.042159e-02,   1.288506e+01,   1.791718e-03,   1.197953e+01,   2.152447e-03,   1.127005e+01,   4.540561e-03,   1.171335e+01,   3.574272e-03,              3,              0,       1 meters
  10/14/2016 11:51:15.419,   1.790572e+00,   1.793599e-03,   8.617488e+03,   3.779698e+01,   4.666036e+02,   6.020705e-01,   1.806136e+00,   1.866430e-03,   4.706594e+02,   5.908233e-01,   1.405667e+02,   1.730155e-02,   1.287934e+01,   1.693299e-03,   1.196947e+01,   3.782152e-03,   1.127441e+01,   4.994238e-03,   1.171157e+01,   2.143551e-03,              3,              0,       1 meters
  10/14/2016 11:51:20.304,   1.786837e+00,   1.098756e-03,   8.607653e+03,   4.500689e+01,   4.684228e+02,   7.382841e-01,   1.802351e+00,   1.054444e-03,   4.724899e+02,   7.611332e-01,   1.406191e+02,   1.843584e-02,   1.287395e+01,   1.777171e-03,   1.195983e+01,   3.331147e-03,   1.127253e+01,   8.565602e-04,   1.171028e+01,   4.700292e-03,              3,              0,       1 meters
  10/14/2016 11:51:25.186,   1.781972e+00,   1.315109e-03,   8.599473e+03,   3.557765e+01,   4.701696e+02,   6.159413e-01,   1.797429e+00,   1.286459e-03,   4.742479e+02,   6.316445e-01,   1.406005e+02,   2.608055e-02,   1.286892e+01,   1.338443e-03,   1.195803e+01,   7.394407e-04,   1.127074e+01,   1.587746e-03,   1.171129e+01,   4.033232e-03,              3,              0,       1 meters
  10/14/2016 11:51:30.070,   1.778360e+00,   1.502328e-03,   8.679257e+03,   2.881148e+01,   4.719630e+02,   5.118484e-01,   1.793930e+00,   1.481469e-03,   4.760951e+02,   5.221164e-01,   1.405522e+02,   1.807638e-02,   1.286318e+01,   1.551580e-03,   1.195172e+01,   2.562436e-03,   1.127338e+01,   2.059053e-03,   1.171322e+01,   2.309136e-03,              3,              0,       1 meters
  10/14/2016 11:51:34.956,   1.774332e+00,   1.522209e-03,   8.664838e+03,   1.964695e+01,   4.737823e+02,   7.704613e-01,   1.789840e+00,   1.503277e-03,   4.779235e+02,   7.841777e-01,   1.405469e+02,   1.787176e-02,   1.285807e+01,   1.498285e-03,   1.194421e+01,   2.582556e-03,   1.127548e+01,   2.539936e-03,   1.171392e+01,   1.694890e-03,              3,              0,       1 meters
  10/14/2016 11:51:39.842,   1.771194e+00,   2.223868e-03,   8.691858e+03,   4.486176e+01,   4.758873e+02,   5.556756e-01,   1.786724e+00,   2.297846e-03,   4.800599e+02,   5.479414e-01,   1.405740e+02,   2.849817e-02,   1.285248e+01,   1.808519e-03,   1.193568e+01,   3.165893e-03,   1.126893e+01,   3.826602e-03,   1.171026e+01,   2.148677e-03,              3,              0,       1 meters
  10/14/2016 11:51:44.727,   1.765831e+00,   1.965593e-03,   8.704687e+03,   3.681528e+01,   4.775425e+02,   6.580857e-01,   1.781337e+00,   2.008126e-03,   4.817359e+02,   6.591289e-01,   1.406235e+02,   1.973180e-02,   1.284782e+01,   1.365783e-03,   1.192788e+01,   1.877117e-03,   1.127091e+01,   2.707192e-03,   1.171429e+01,   2.641844e-03,              3,              0,       1 meters
  10/14/2016 11:51:49.609,   1.773315e+00,   1.314821e-02,   8.707033e+03,   6.995435e+01,   4.739925e+02,   6.475264e+00,   1.788890e+00,   1.316946e-02,   4.781561e+02,   6.557314e+00,   1.405860e+02,   1.518002e-02,   1.284242e+01,   1.865988e-03,   1.192533e+01,   2.048520e-03,   1.127183e+01,   3.676146e-03,   1.171333e+01,   2.421182e-03,              3,              0,       1 meters
  10/14/2016 11:51:54.493,   1.834936e+00,   1.967424e-02,   8.071301e+03,   3.351342e+02,   4.436568e+02,   9.288458e+00,   1.849862e+00,   1.923523e-02,   4.472693e+02,   9.509704e+00,   1.405523e+02,   1.779270e-02,   1.283703e+01,   1.982633e-03,   1.192380e+01,   1.043682e-03,   1.127261e+01,   1.677936e-03,   1.171402e+01,   4.239172e-03,              3,              0,       1 meters
  10/14/2016 11:51:59.380,   1.881122e+00,   1.015633e-02,   7.252143e+03,   2.193479e+02,   4.218782e+02,   4.874524e+00,   1.894862e+00,   9.821874e-03,   4.249609e+02,   5.002091e+00,   1.405355e+02,   2.018645e-02,   1.283059e+01,   2.122316e-03,   1.192622e+01,   2.201725e-03,   1.127428e+01,   2.610081e-03,   1.171395e+01,   2.950077e-03,              3,              0,       1 meters
  10/14/2016 11:52:04.265,   1.904505e+00,   5.692261e-03,   6.664891e+03,   1.293320e+02,   4.105688e+02,   2.825307e+00,   1.917283e+00,   5.501549e-03,   4.133238e+02,   2.894697e+00,   1.405867e+02,   3.524416e-02,   1.282768e+01,   4.053837e-03,   1.193455e+01,   4.378362e-03,   1.127555e+01,   1.906105e-03,   1.171312e+01,   6.526786e-03,              3,              0,       1 meters
  10/14/2016 11:52:09.148,   1.914451e+00,   2.162140e-03,   6.257987e+03,   1.686094e+02,   4.048945e+02,   1.131956e+00,   1.926507e+00,   2.243197e-03,   4.074444e+02,   1.181811e+00,   1.405969e+02,   3.283334e-02,   1.281571e+01,   3.055956e-03,   1.195160e+01,   3.998161e-03,   1.127705e+01,   5.526209e-03,   1.171656e+01,   5.832345e-03,              3,              0,       1 meters
  10/14/2016 11:52:14.032,   1.920569e+00,   2.021598e-03,   6.008150e+03,   6.382335e+01,   4.026296e+02,   2.126068e-01,   1.932178e+00,   1.934754e-03,   4.050633e+02,   2.222265e-01,   1.405734e+02,   2.398002e-02,   1.281327e+01,   2.269580e-03,   1.197142e+01,   5.127685e-03,   1.127611e+01,   4.329235e-03,   1.171393e+01,   4.995266e-03,              3,              0,       1 meters
  10/14/2016 11:52:18.918,   1.923380e+00,   1.461192e-03,   5.788412e+03,   7.639576e+01,   4.018890e+02,   3.438240e-01,   1.934579e+00,   1.401133e-03,   4.042289e+02,   3.744006e-01,   1.405237e+02,   1.738921e-02,   1.280909e+01,   1.922033e-03,   1.198470e+01,   4.851675e-03,   1.127549e+01,   4.319788e-03,   1.171409e+01,   2.888183e-03,              3,              0,       1 meters
  10/14/2016 11:52:23.802,   1.924706e+00,   1.485436e-03,   5.689828e+03,   9.007166e+01,   4.007330e+02,   1.962880e-01,   1.935720e+00,   1.631547e-03,   4.030261e+02,   2.152904e-01,   1.405775e+02,   2.073053e-02,   1.281274e+01,   4.457705e-03,   1.199706e+01,   1.818977e-03,   1.127281e+01,   3.605760e-03,   1.171468e+01,   4.143035e-03,              3,              0,       1 meters
  10/14/2016 11:52:28.686,   1.923492e+00,   1.949374e-03,   5.699766e+03,   6.783467e+01,   4.003267e+02,   5.110970e-01,   1.934518e+00,   1.906830e-03,   4.026215e+02,   5.129366e-01,   1.406062e+02,   2.116278e-02,   1.281079e+01,   1.737011e-03,   1.200460e+01,   3.081640e-03,   1.127549e+01,   6.744834e-03,   1.171413e+01,   2.500167e-03,              3,              0,       1 meters
  10/14/2016 11:52:33.570,   1.922890e+00,   1.592008e-03,   5.912872e+03,   1.146957e+02,   4.070146e+02,   6.031499e+00,   1.934327e+00,   1.678482e-03,   4.094358e+02,   6.090160e+00,   1.405668e+02,   1.494827e-02,   1.280617e+01,   1.279318e-03,   1.201393e+01,   2.679116e-03,   1.127517e+01,   5.514608e-03,   1.171598e+01,   3.018757e-03,              3,              0,       1 meters
  10/14/2016 11:52:38.455,   1.925474e+00,   3.583120e-04,   5.901075e+03,   5.193661e+01,   4.138534e+02,   2.079158e+00,   1.936904e+00,   3.266525e-04,   4.163100e+02,   2.093611e+00,   1.405359e+02,   1.307397e-02,   1.280077e+01,   1.938645e-03,   1.201966e+01,   1.726348e-03,   1.127090e+01,   2.607837e-03,   1.171080e+01,   3.594218e-03,              3,              0,       1 meters
  10/14/2016 11:52:43.341,   1.923144e+00,   1.819042e-03,   6.062689e+03,   8.119747e+01,   4.081658e+02,   1.441916e+00,   1.934875e+00,   1.811455e-03,   4.106554e+02,   1.429349e+00,   1.405352e+02,   1.846161e-02,   1.279603e+01,   1.561538e-03,   1.202493e+01,   2.280767e-03,   1.127250e+01,   4.017871e-03,   1.171095e+01,   6.489781e-03,              3,              0,       1 meters
  10/14/2016 11:52:48.229,   1.920917e+00,   2.010954e-03,   6.313729e+03,   1.431091e+02,   4.052859e+02,   1.028360e+00,   1.933122e+00,   1.925243e-03,   4.078609e+02,   9.961638e-01,   1.405944e+02,   3.299567e-02,   1.279139e+01,   1.762010e-03,   1.202770e+01,   1.095364e-03,   1.127119e+01,   6.348269e-03,   1.171139e+01,   1.133048e-02,              3,              0,       1 meters
  10/14/2016 11:52:53.121,   1.917595e+00,   1.262888e-03,   6.667643e+03,   1.895565e+02,   4.039553e+02,   2.951364e-01,   1.930466e+00,   1.451664e-03,   4.066669e+02,   2.815646e-01,   1.406104e+02,   2.192294e-02,   1.278647e+01,   1.430947e-03,   1.203062e+01,   2.069467e-03,   1.127517e+01,   4.327960e-03,   1.171646e+01,   5.201153e-03,              3,              0,       1 meters
  10/14/2016 11:52:58.005,   1.918245e+00,   7.476855e-04,   7.085337e+03,   9.430115e+01,   4.042909e+02,   3.034197e-01,   1.931933e+00,   7.407442e-04,   4.071759e+02,   3.373110e-01,   1.405724e+02,   1.492962e-02,   1.278237e+01,   1.544002e-03,   1.203458e+01,   1.266847e-03,   1.127210e+01,   3.647143e-03,   1.171230e+01,   4.454672e-03,              3,              0,       1 meters
  10/14/2016 11:53:02.888,   1.916776e+00,   1.318475e-03,   7.367920e+03,   1.292591e+02,   4.049673e+02,   4.233548e-01,   1.931004e+00,   1.391446e-03,   4.079733e+02,   4.561270e-01,   1.405480e+02,   1.468135e-02,   1.277743e+01,   1.675304e-03,   1.203829e+01,   6.067278e-04,   1.127082e+01,   3.761440e-03,   1.171260e+01,   3.157076e-03,              3,              0,       1 meters
  10/14/2016 11:53:07.775,   1.914398e+00,   2.025034e-03,   7.617765e+03,   1.005463e+02,   4.053110e+02,   3.189077e-01,   1.929093e+00,   2.024989e-03,   4.084223e+02,   3.454912e-01,   1.405331e+02,   2.165302e-02,   1.277251e+01,   1.506937e-03,   1.204223e+01,   9.491075e-04,   1.127706e+01,   7.190801e-03,   1.171650e+01,   8.197793e-03,              3,              0,       1 meters
  10/14/2016 11:53:12.659,   1.913308e+00,   1.257923e-03,   7.767319e+03,   9.419047e+01,   4.060315e+02,   1.726216e-01,   1.928286e+00,   1.362878e-03,   4.092099e+02,   1.692835e-01,   1.406022e+02,   3.299280e-02,   1.276770e+01,   1.845622e-03,   1.204357e+01,   1.784143e-03,   1.127412e+01,   2.799269e-03,   1.171744e+01,   4.702554e-03,              3,              0,       1 meters
  10/14/2016 11:53:17.542,   1.911895e+00,   1.920177e-03,   7.853205e+03,   1.172268e+02,   4.067591e+02,   3.936239e-01,   1.927029e+00,   2.128475e-03,   4.099788e+02,   4.166288e-01,   1.406045e+02,   2.086555e-02,   1.276261e+01,   1.443895e-03,   1.204637e+01,   3.493767e-03,   1.127393e+01,   5.467611e-03,   1.171137e+01,   5.652482e-03,              3,              0,       1 meters
  10/14/2016 11:53:22.427,   1.910523e+00,   1.573841e-03,   8.000808e+03,   1.125488e+02,   4.074117e+02,   5.694909e-01,   1.925932e+00,   1.579356e-03,   4.106977e+02,   6.078391e-01,   1.405681e+02,   9.745805e-03,   1.275840e+01,   1.363306e-03,   1.205170e+01,   2.080990e-03,   1.127309e+01,   6.890724e-03,   1.171489e+01,   5.680648e-03,              3,              0,       1 meters
  10/14/2016 11:53:27.313,   1.909901e+00,   1.796014e-03,   8.110362e+03,   1.084609e+02,   4.081961e+02,   1.306947e-01,   1.925517e+00,   1.740791e-03,   4.115338e+02,   1.267834e-01,   1.405348e+02,   1.713292e-02,   1.275318e+01,   1.543343e-03,   1.205664e+01,   6.684172e-04,   1.127393e+01,   7.631312e-03,   1.171643e+01,   5.101925e-03,              3,              0,       1 meters
  10/14/2016 11:53:32.194,   1.911243e+00,   1.549326e-03,   8.294043e+03,   8.717436e+01,   4.095329e+02,   3.717892e-01,   1.927227e+00,   1.638361e-03,   4.129580e+02,   3.907054e-01,   1.405497e+02,   3.016111e-02,   1.274877e+01,   1.355791e-03,   1.205598e+01,   2.604116e-03,   1.127102e+01,   4.357015e-03,   1.170976e+01,   4.089661e-03,              3,              0,       1 meters
  10/14/2016 11:53:37.078,   1.907944e+00,   1.476372e-03,   8.261722e+03,   8.051658e+01,   4.099010e+02,   1.878614e-01,   1.923839e+00,   1.627792e-03,   4.133158e+02,   2.076705e-01,   1.406053e+02,   1.885758e-02,   1.274440e+01,   1.512880e-03,   1.204818e+01,   3.007345e-03,   1.126978e+01,   3.116881e-03,   1.171191e+01,   3.188103e-03,              3,              0,       1 meters
  10/14/2016 11:53:41.965,   1.907060e+00,   1.599678e-03,   8.398655e+03,   9.251082e+01,   4.109238e+02,   1.820219e-01,   1.923213e+00,   1.656830e-03,   4.144043e+02,   2.135743e-01,   1.406035e+02,   2.030645e-02,   1.273968e+01,   1.484904e-03,   1.204665e+01,   3.035690e-03,   1.127048e+01,   3.652739e-03,   1.170525e+01,   4.877065e-03,              3,              0,       1 meters
  10/14/2016 11:53:46.855,   1.904305e+00,   9.123159e-04,   8.463071e+03,   6.844140e+01,   4.113790e+02,   2.930662e-01,   1.920559e+00,   9.683428e-04,   4.148903e+02,   2.841590e-01,   1.405654e+02,   7.909252e-03,   1.273501e+01,   1.149739e-03,   1.205183e+01,   9.477408e-04,   1.127616e+01,   3.003591e-03,   1.171556e+01,   3.961505e-03,              3,              0,       1 meters
  10/14/2016 11:53:51.740,   1.904182e+00,   2.362913e-03,   8.472210e+03,   9.376059e+01,   4.123358e+02,   5.320514e-01,   1.920453e+00,   2.552689e-03,   4.158591e+02,   5.563567e-01,   1.405399e+02,   2.627077e-02,   1.273077e+01,   1.631846e-03,   1.205136e+01,   1.862844e-03,   1.127118e+01,   2.824238e-03,   1.171206e+01,   7.355096e-03,              3,              0,       1 meters
  10/14/2016 11:53:56.625,   1.902358e+00,   1.041825e-03,   8.586315e+03,   6.209618e+01,   4.133612e+02,   4.646721e-01,   1.918833e+00,   1.162782e-03,   4.169412e+02,   4.735729e-01,   1.406120e+02,   2.790486e-02,   1.272571e+01,   1.552016e-03,   1.204988e+01,   1.270323e-03,   1.127029e+01,   4.094415e-03,   1.171111e+01,   6.878083e-03,              3,              0,       1 meters
  10/14/2016 11:54:01.509,   1.899551e+00,   1.230768e-03,   8.550005e+03,   1.277668e+02,   4.138246e+02,   2.497702e-01,   1.915932e+00,   1.456169e-03,   4.173934e+02,   3.005863e-01,   1.406037e+02,   2.086677e-02,   1.272121e+01,   1.436816e-03,   1.205437e+01,   3.898650e-03,   1.127757e+01,   5.466418e-03,   1.171444e+01,   3.418695e-03,              3,              0,       1 meters
  10/14/2016 11:54:06.393,   1.899895e+00,   1.159680e-03,   8.700358e+03,   9.422992e+01,   4.145472e+02,   3.899173e-01,   1.916570e+00,   1.332238e-03,   4.181856e+02,   4.071239e-01,   1.405673e+02,   1.197622e-02,   1.271658e+01,   1.708431e-03,   1.205779e+01,   1.364095e-03,   1.127678e+01,   5.564069e-03,   1.171525e+01,   3.902796e-03,              3,              0,       1 meters
  10/14/2016 11:54:11.279,   1.898825e+00,   1.523676e-03,   8.647691e+03,   1.075712e+02,   4.156257e+02,   1.361203e-01,   1.915389e+00,   1.708601e-03,   4.192512e+02,   1.286729e-01,   1.405377e+02,   1.868863e-02,   1.271173e+01,   1.688203e-03,   1.206344e+01,   2.542079e-03,   1.127095e+01,   4.206116e-03,   1.171448e+01,   5.317368e-03,              3,              0,       1 meters
  10/14/2016 11:54:16.164,   1.896801e+00,   2.389791e-03,   8.576497e+03,   1.213196e+02,   4.163573e+02,   5.452781e-01,   1.913210e+00,   2.549950e-03,   4.199592e+02,   5.924481e-01,   1.405498e+02,   2.101678e-02,   1.270720e+01,   1.620735e-03,   1.206658e+01,   9.292678e-04,   1.126916e+01,   5.461320e-03,   1.171255e+01,   4.299143e-03,              3,              0,       1 meters
  10/14/2016 11:54:21.047,   1.896322e+00,   2.430520e-03,   8.781966e+03,   5.835897e+01,   4.174897e+02,   5.684164e-01,   1.913123e+00,   2.557543e-03,   4.211886e+02,   5.884061e-01,   1.406119e+02,   1.897645e-02,   1.270292e+01,   1.472561e-03,   1.206287e+01,   1.854596e-03,   1.126980e+01,   5.987197e-03,   1.170661e+01,   7.581914e-03,              3,              0,       1 meters
  10/14/2016 11:54:25.931,   1.893350e+00,   6.098094e-04,   8.802256e+03,   6.440922e+01,   4.180674e+02,   4.377799e-01,   1.910164e+00,   7.265564e-04,   4.217800e+02,   4.509615e-01,   1.406008e+02,   2.007890e-02,   1.269811e+01,   1.582336e-03,   1.206431e+01,   1.261345e-03,   1.127297e+01,   3.063713e-03,   1.171050e+01,   4.219631e-03,              3,              0,       1 meters
  10/14/2016 11:54:30.817,   1.892557e+00,   4.481163e-04,   8.810456e+03,   6.202705e+01,   4.189195e+02,   2.999233e-01,   1.909379e+00,   5.651577e-04,   4.226432e+02,   2.935767e-01,   1.405543e+02,   1.504066e-02,   1.269344e+01,   1.489897e-03,   1.206205e+01,   1.041042e-03,   1.127344e+01,   1.866254e-03,   1.171415e+01,   1.681138e-03,              3,              0,       1 meters
  10/14/2016 11:54:35.702,   1.890420e+00,   1.364675e-03,   8.792684e+03,   6.760913e+01,   4.199030e+02,   3.313271e-01,   1.907190e+00,   1.440554e-03,   4.236278e+02,   3.368313e-01,   1.405322e+02,   1.920327e-02,   1.268878e+01,   1.512725e-03,   1.206280e+01,   8.556110e-04,   1.127385e+01,   5.966453e-03,   1.171186e+01,   4.594683e-03,              3,              0,       1 meters
  10/14/2016 11:54:40.583,   1.889418e+00,   1.446013e-03,   8.883897e+03,   6.799090e+01,   4.205756e+02,   3.371941e-01,   1.906354e+00,   1.540897e-03,   4.243455e+02,   3.602497e-01,   1.405811e+02,   2.910865e-02,   1.268436e+01,   1.604837e-03,   1.205992e+01,   8.819431e-04,   1.127028e+01,   4.934579e-03,   1.171219e+01,   3.700402e-03,              3,              0,       1 meters
  10/14/2016 11:54:45.468,   1.888132e+00,   2.094248e-03,   8.980957e+03,   7.000272e+01,   4.212799e+02,   1.712962e-01,   1.905243e+00,   2.236450e-03,   4.250976e+02,   1.521569e-01,   1.406243e+02,   2.090614e-02,   1.267937e+01,   1.854394e-03,   1.205623e+01,   2.071397e-03,   1.127426e+01,   3.582883e-03,   1.171441e+01,   4.512049e-03,              3,              0,       1 meters
  10/14/2016 11:54:50.353,   1.886484e+00,   1.684919e-03,   8.889753e+03,   1.010282e+02,   4.221085e+02,   5.380515e-01,   1.903405e+00,   1.653388e-03,   4.258946e+02,   5.464554e-01,   1.405863e+02,   1.571448e-02,   1.267461e+01,   1.309792e-03,   1.205894e+01,   1.137576e-03,   1.127215e+01,   8.624859e-03,   1.171317e+01,   7.805124e-03,              3,              0,       1 meters
  10/14/2016 11:54:55.238,   1.884674e+00,   1.181927e-03,   8.978775e+03,   5.350359e+01,   4.228125e+02,   4.225631e-01,   1.901750e+00,   1.171352e-03,   4.266432e+02,   4.242983e-01,   1.405551e+02,   1.578563e-02,   1.267031e+01,   1.404260e-03,   1.205923e+01,   1.533434e-03,   1.127451e+01,   3.043002e-03,   1.171471e+01,   4.114461e-03,              3,              0,       1 meters
  10/14/2016 11:55:00.122,   1.883964e+00,   3.150965e-04,   8.977553e+03,   7.737555e+01,   4.237225e+02,   2.827858e-01,   1.901030e+00,   2.930629e-04,   4.275610e+02,   3.098817e-01,   1.405380e+02,   1.989653e-02,   1.266529e+01,   1.765652e-03,   1.205979e+01,   8.541317e-04,   1.127080e+01,   2.920803e-03,   1.171465e+01,   3.623805e-03,              3,              0,       1 meters
  10/14/2016 11:55:05.006,   1.881639e+00,   1.477495e-03,   8.964871e+03,   7.025977e+01,   4.244579e+02,   5.284578e-01,   1.898660e+00,   1.549867e-03,   4.282975e+02,   5.508587e-01,   1.405943e+02,   2.970490e-02,   1.266044e+01,   1.643276e-03,   1.205271e+01,   3.008050e-03,   1.127287e+01,   6.201923e-03,   1.171376e+01,   5.134427e-03,              3,              0,       1 meters
  10/14/2016 11:55:09.891,   1.879287e+00,   1.146257e-03,   8.983669e+03,   6.652471e+01,   4.253783e+02,   1.855595e-01,   1.896323e+00,   1.086990e-03,   4.292344e+02,   2.032415e-01,   1.406142e+02,   2.796540e-02,   1.265583e+01,   1.613403e-03,   1.205091e+01,   1.998713e-03,   1.127127e+01,   1.850235e-03,   1.171103e+01,   4.894543e-03,              3,              0,       1 meters
  10/14/2016 11:55:14.774,   1.878040e+00,   5.287768e-04,   8.999019e+03,   9.838151e+01,   4.261889e+02,   3.365860e-01,   1.895094e+00,   5.830259e-04,   4.300591e+02,   3.566344e-01,   1.405771e+02,   1.600710e-02,   1.265141e+01,   1.355685e-03,   1.205458e+01,   6.371773e-04,   1.127238e+01,   3.567567e-03,   1.171154e+01,   5.021038e-03,              3,              0,       1 meters
  10/14/2016 11:55:19.661,   1.876374e+00,   2.188386e-03,   9.013045e+03,   6.642688e+01,   4.270575e+02,   4.888882e-01,   1.893440e+00,   2.330850e-03,   4.309416e+02,   5.134804e-01,   1.405369e+02,   2.023860e-02,   1.264686e+01,   1.389963e-03,   1.205596e+01,   1.192044e-03,   1.127561e+01,   6.896277e-03,   1.171246e+01,   5.844142e-03,              3,              0,       1 meters
  10/14/2016 11:55:24.544,   1.875990e+00,   8.812887e-04,   9.088973e+03,   5.632264e+01,   4.279268e+02,   2.498424e-01,   1.893197e+00,   9.488728e-04,   4.318519e+02,   2.494307e-01,   1.405476e+02,   1.905178e-02,   1.264139e+01,   1.688122e-03,   1.205511e+01,   1.187141e-03,   1.127220e+01,   2.837486e-03,   1.171191e+01,   4.979078e-03,              3,              0,       1 meters
  10/14/2016 11:55:29.430,   1.873294e+00,   1.342026e-03,   9.121778e+03,   6.582231e+01,   4.287067e+02,   2.014011e-01,   1.890539e+00,   1.449113e-03,   4.326533e+02,   1.941882e-01,   1.405991e+02,   2.037760e-02,   1.263606e+01,   1.844819e-03,   1.205225e+01,   9.792203e-04,   1.127317e+01,   1.811105e-03,   1.171323e+01,   2.622798e-03,              3,              0,       1 meters
  10/14/2016 11:55:34.315,   1.871738e+00,   1.160303e-03,   9.156783e+03,   1.035272e+02,   4.295346e+02,   4.569859e-01,   1.889036e+00,   1.343219e-03,   4.335041e+02,   4.556359e-01,   1.406142e+02,   2.540388e-02,   1.263149e+01,   1.827306e-03,   1.205182e+01,   2.634386e-03,   1.127431e+01,   3.626182e-03,   1.171145e+01,   4.080673e-03,              3,              0,       1 meters
  10/14/2016 11:55:39.199,   1.869998e+00,   9.280751e-04,   9.121414e+03,   5.964571e+01,   4.300997e+02,   3.309803e-01,   1.887213e+00,   1.018659e-03,   4.340590e+02,   3.399287e-01,   1.405638e+02,   2.369471e-02,   1.262669e+01,   1.631999e-03,   1.205284e+01,   1.297058e-03,   1.127486e+01,   3.381555e-03,   1.171589e+01,   3.803109e-03,              3,              0,       1 meters
  10/14/2016 11:55:44.082,   1.869010e+00,   1.081136e-03,   9.095140e+03,   6.210580e+01,   4.309005e+02,   1.431036e-01,   1.886165e+00,   1.151344e-03,   4.348556e+02,   1.597593e-01,   1.405423e+02,   1.942013e-02,   1.262218e+01,   1.441958e-03,   1.205530e+01,   1.925142e-03,   1.127441e+01,   2.783376e-03,   1.171433e+01,   3.046260e-03,              3,              0,       1 meters
  10/14/2016 11:55:48.967,   1.868665e+00,   6.330334e-04,   9.159325e+03,   5.759531e+01,   4.320389e+02,   3.034376e-01,   1.885939e+00,   7.050911e-04,   4.360327e+02,   2.905878e-01,   1.405607e+02,   5.717204e-03,   1.261716e+01,   1.819973e-03,   1.205690e+01,   8.031503e-04,   1.127067e+01,   2.490076e-03,   1.170971e+01,   1.745840e-03,              3,              0,       1 meters
  10/14/2016 11:55:53.852,   1.867514e+00,   1.197724e-03,   9.263137e+03,   6.021204e+01,   4.328831e+02,   5.409312e-01,   1.884974e+00,   1.237234e-03,   4.369304e+02,   5.491648e-01,   1.406198e+02,   1.891283e-02,   1.261228e+01,   2.089375e-03,   1.205345e+01,   5.913397e-04,   1.126621e+01,   4.570284e-03,   1.170611e+01,   3.590629e-03,              3,              0,       1 meters
  10/14/2016 11:55:58.737,   1.863994e+00,   6.838527e-04,   9.180025e+03,   7.355290e+01,   4.331769e+02,   4.181481e-01,   1.881264e+00,   7.898614e-04,   4.371903e+02,   4.191960e-01,   1.406023e+02,   2.313977e-02,   1.260744e+01,   1.417133e-03,   1.205137e+01,   4.921981e-04,   1.127318e+01,   5.401367e-03,   1.171370e+01,   4.422212e-03,              3,              0,       1 meters
  10/14/2016 11:56:03.620,   1.862349e+00,   6.474629e-04,   9.148881e+03,   7.694920e+01,   4.341005e+02,   4.743783e-01,   1.879545e+00,   7.736428e-04,   4.381087e+02,   5.025015e-01,   1.405571e+02,   1.635385e-02,   1.260262e+01,   1.268178e-03,   1.205312e+01,   6.746983e-04,   1.127223e+01,   3.772954e-03,   1.171172e+01,   1.074373e-03,              3,              0,       1 meters
  10/14/2016 11:56:08.510,   1.861727e+00,   5.834395e-04,   9.195853e+03,   2.331878e+01,   4.348899e+02,   2.636694e-01,   1.879007e+00,   6.043552e-04,   4.389262e+02,   2.652812e-01,   1.405335e+02,   1.987817e-02,   1.259811e+01,   1.503151e-03,   1.205587e+01,   2.442105e-03,   1.127080e+01,   1.833125e-03,   1.171486e+01,   4.746071e-03,              3,              0,       1 meters
  10/14/2016 11:56:13.395,   1.859914e+00,   9.028961e-04,   9.248889e+03,   1.520622e+01,   4.357884e+02,   2.696316e-01,   1.877277e+00,   9.337239e-04,   4.398566e+02,   2.685724e-01,   1.405714e+02,   1.883252e-02,   1.259339e+01,   1.339585e-03,   1.205823e+01,   7.560615e-04,   1.127148e+01,   3.140183e-03,   1.171359e+01,   1.619359e-03,              3,              0,       1 meters
  10/14/2016 11:56:18.278,   1.858359e+00,   8.541730e-04,   9.267572e+03,   3.946735e+01,   4.363961e+02,   3.618349e-01,   1.875743e+00,   8.786914e-04,   4.404783e+02,   3.579759e-01,   1.406227e+02,   2.077804e-02,   1.258801e+01,   1.583444e-03,   1.205890e+01,   1.874488e-03,   1.127237e+01,   3.708270e-03,   1.171528e+01,   4.135472e-03,              3,              0,       1 meters
  10/14/2016 11:56:23.164,   1.857284e+00,   1.414483e-03,   9.243492e+03,   3.794057e+01,   4.372974e+02,   3.781090e-01,   1.874612e+00,   1.383526e-03,   4.413773e+02,   3.824917e-01,   1.405953e+02,   2.781916e-02,   1.258363e+01,   1.829526e-03,   1.206412e+01,   2.126825e-03,   1.127113e+01,   3.500494e-03,   1.171080e+01,   2.941459e-03,              3,              0,       1 meters
  10/14/2016 11:56:28.055,   1.855604e+00,   8.902345e-04,   9.264458e+03,   6.853203e+01,   4.382018e+02,   3.747311e-01,   1.872956e+00,   1.012967e-03,   4.422995e+02,   3.959260e-01,   1.405535e+02,   1.829524e-02,   1.257858e+01,   1.315032e-03,   1.206828e+01,   1.678545e-03,   1.127336e+01,   5.456690e-03,   1.171068e+01,   5.705192e-03,              3,              0,       1 meters
  10/14/2016 11:56:32.940,   1.853682e+00,   1.301059e-03,   9.311852e+03,   4.412820e+01,   4.389747e+02,   2.568747e-01,   1.871105e+00,   1.338535e-03,   4.431008e+02,   2.736462e-01,   1.405344e+02,   1.928020e-02,   1.257399e+01,   1.670760e-03,   1.207148e+01,   1.860085e-03,   1.127462e+01,   2.584434e-03,   1.171187e+01,   2.545027e-03,              3,              0,       1 meters
  10/14/2016 11:56:37.824,   1.853245e+00,   4.402221e-04,   9.322379e+03,   4.316568e+01,   4.396596e+02,   2.097276e-01,   1.870684e+00,   3.914970e-04,   4.437969e+02,   2.184782e-01,   1.405779e+02,   1.525895e-02,   1.256937e+01,   1.490034e-03,   1.207545e+01,   1.244622e-03,   1.127181e+01,   3.981229e-03,   1.171227e+01,   2.102830e-03,              3,              0,       1 meters
  10/14/2016 11:56:42.710,   1.850800e+00,   5.486755e-04,   9.326623e+03,   3.111882e+01,   4.403604e+02,   3.623352e-01,   1.868224e+00,   5.122059e-04,   4.445062e+02,   3.719766e-01,   1.406157e+02,   2.052737e-02,   1.256458e+01,   1.610403e-03,   1.207799e+01,   2.932481e-03,   1.127176e+01,   4.873666e-03,   1.171287e+01,   2.769444e-03,              3,              0,       1 meters
  10/14/2016 11:56:47.593,   1.849094e+00,   3.306081e-04,   9.325515e+03,   4.720390e+01,   4.413318e+02,   3.184742e-01,   1.866500e+00,   3.121295e-04,   4.454862e+02,   3.240618e-01,   1.405922e+02,   2.579880e-02,   1.256061e+01,   1.135967e-03,   1.208325e+01,   1.332535e-03,   1.127181e+01,   9.587333e-04,   1.171025e+01,   2.587928e-03,              3,              0,       1 meters
  10/14/2016 11:56:52.477,   1.847195e+00,   9.768877e-04,   9.316085e+03,   5.237417e+01,   4.419194e+02,   2.600052e-01,   1.864565e+00,   1.082776e-03,   4.460751e+02,   2.639768e-01,   1.405486e+02,   1.976006e-02,   1.255546e+01,   1.633588e-03,   1.208598e+01,   8.084925e-04,   1.127334e+01,   2.869172e-03,   1.171389e+01,   1.612398e-03,              3,              0,       1 meters
  10/14/2016 11:56:57.362,   1.846661e+00,   1.202584e-03,   9.378532e+03,   7.612072e+01,   4.430228e+02,   2.030068e-01,   1.864144e+00,   1.321510e-03,   4.472171e+02,   2.319047e-01,   1.405459e+02,   2.281970e-02,   1.255127e+01,   1.072637e-03,   1.208696e+01,   8.227031e-04,   1.127469e+01,   4.919687e-03,   1.170926e+01,   2.066116e-03,              3,              0,       1 meters
  10/14/2016 11:57:02.248,   1.844952e+00,   1.010636e-03,   9.389805e+03,   5.623507e+01,   4.436691e+02,   2.740470e-01,   1.862440e+00,   1.064305e-03,   4.478745e+02,   2.682610e-01,   1.406015e+02,   2.468630e-02,   1.254648e+01,   1.532967e-03,   1.208537e+01,   1.684395e-03,   1.127272e+01,   2.407648e-03,   1.171222e+01,   2.191309e-03,              3,              0,       1 meters
  10/14/2016 11:57:07.131,   1.841532e+00,   1.537254e-03,   9.342062e+03,   4.315099e+01,   4.442959e+02,   3.398109e-01,   1.858898e+00,   1.507223e-03,   4.484856e+02,   3.344671e-01,   1.406232e+02,   2.181735e-02,   1.254192e+01,   1.042932e-03,   1.208707e+01,   2.236906e-03,   1.127534e+01,   5.298017e-03,   1.171108e+01,   4.392174e-03,              3,              0,       1 meters
  10/14/2016 11:57:12.014,   1.841469e+00,   1.931079e-03,   9.384341e+03,   5.863737e+01,   4.448728e+02,   5.536666e-01,   1.858914e+00,   1.936117e-03,   4.490871e+02,   5.646974e-01,   1.405728e+02,   1.522095e-02,   1.253794e+01,   1.414018e-03,   1.209294e+01,   3.925111e-04,   1.126991e+01,   6.288397e-03,   1.171089e+01,   5.434016e-03,              3,              0,       1 meters
  10/14/2016 11:57:16.899,   1.855147e+00,   1.153312e-02,   9.191383e+03,   1.751229e+02,   4.368881e+02,   6.713704e+00,   1.872355e+00,   1.138313e-02,   4.409417e+02,   6.841028e+00,   1.405563e+02,   1.680938e-02,   1.253457e+01,   8.496828e-04,   1.208997e+01,   7.954778e-04,   1.127525e+01,   3.868561e-03,   1.171725e+01,   2.712845e-03,              3,              0,       1 meters
  10/14/2016 11:57:21.782,   1.888449e+00,   9.191768e-03,   7.946349e+03,   4.156291e+02,   4.182311e+02,   4.467113e+00,   1.903573e+00,   8.502782e-03,   4.215826e+02,   4.675140e+00,   1.405547e+02,   2.540794e-02,   1.253017e+01,   1.789049e-03,   1.208853e+01,   1.453684e-03,   1.127568e+01,   3.995875e-03,   1.171727e+01,   8.654785e-04,              3,              0,       1 meters
  10/14/2016 11:57:26.666,   1.910373e+00,   3.762715e-03,   7.008004e+03,   1.976291e+02,   4.084038e+02,   1.960682e+00,   1.923855e+00,   3.448062e-03,   4.112864e+02,   2.055329e+00,   1.406278e+02,   2.507496e-02,   1.252493e+01,   1.599580e-03,   1.208314e+01,   2.066842e-03,   1.126929e+01,   4.484694e-03,   1.171087e+01,   4.170985e-03,              3,              0,       1 meters
  10/14/2016 11:57:31.552,   1.913829e+00,   2.535857e-03,   6.934697e+03,   1.405580e+02,   4.084957e+02,   1.806022e+00,   1.927194e+00,   2.590855e-03,   4.113484e+02,   1.861978e+00,   1.406081e+02,   1.925787e-02,   1.252066e+01,   1.134423e-03,   1.208531e+01,   1.920034e-03,   1.126944e+01,   3.146644e-03,   1.171120e+01,   2.192108e-03,              3,              0,       1 meters
  10/14/2016 11:57:36.437,   1.909400e+00,   1.839869e-03,   7.720873e+03,   2.618256e+02,   4.167711e+02,   3.400562e+00,   1.924256e+00,   1.681652e-03,   4.200147e+02,   3.536314e+00,   1.405710e+02,   1.326563e-02,   1.251825e+01,   1.085714e-03,   1.208282e+01,   1.175466e-03,   1.127324e+01,   5.393007e-03,   1.171347e+01,   8.240817e-03,              3,              0,       1 meters
  10/14/2016 11:57:41.323,   1.902755e+00,   2.290370e-03,   8.352902e+03,   2.691099e+02,   4.274347e+02,   3.811170e+00,   1.918783e+00,   2.300258e-03,   4.310358e+02,   3.941311e+00,   1.405421e+02,   1.918596e-02,   1.251444e+01,   1.512811e-03,   1.207544e+01,   2.794885e-03,   1.127527e+01,   4.093173e-03,   1.171404e+01,   7.028105e-03,              3,              0,       1 meters
  10/14/2016 11:57:46.208,   1.896729e+00,   2.930710e-03,   8.914378e+03,   1.901117e+02,   4.398568e+02,   3.700737e+00,   1.913789e+00,   2.812509e-03,   4.438135e+02,   3.798173e+00,   1.405734e+02,   2.373845e-02,   1.251079e+01,   7.505805e-04,   1.206794e+01,   2.248255e-03,   1.127555e+01,   5.733086e-03,   1.171041e+01,   4.275901e-03,              3,              0,       1 meters
  10/14/2016 11:57:51.091,   1.889287e+00,   2.626773e-03,   9.190226e+03,   9.459945e+01,   4.504953e+02,   3.294835e+00,   1.906811e+00,   2.619065e-03,   4.546741e+02,   3.359223e+00,   1.406262e+02,   1.873024e-02,   1.250829e+01,   1.025549e-03,   1.206279e+01,   2.286660e-03,   1.127343e+01,   3.077985e-03,   1.171638e+01,   2.302797e-03,              3,              0,       1 meters
  10/14/2016 11:57:55.975,   1.892259e+00,   4.016528e-03,   9.343154e+03,   2.052188e+02,   4.500502e+02,   7.239002e+00,   1.910106e+00,   3.831706e-03,   4.542957e+02,   7.380753e+00,   1.405998e+02,   2.402290e-02,   1.250122e+01,   6.968049e-03,   1.206317e+01,   1.265561e-03,   1.126682e+01,   3.624676e-03,   1.170935e+01,   7.237597e-03,              3,              0,       1 meters
  10/14/2016 11:58:00.865,   1.906489e+00,   5.190262e-03,   8.345430e+03,   4.091149e+02,   4.266599e+02,   6.114113e+00,   1.922532e+00,   4.522449e-03,   4.302526e+02,   6.341566e+00,   1.405365e+02,   1.715840e-02,   1.248652e+01,   9.141689e-04,   1.206382e+01,   6.584211e-04,   1.127636e+01,   3.356341e-03,   1.171559e+01,   4.499062e-03,              3,              0,       1 meters
  10/14/2016 11:58:05.752,   1.917849e+00,   2.319548e-03,   7.286162e+03,   3.096423e+02,   4.125051e+02,   3.354403e+00,   1.931925e+00,   2.051450e-03,   4.155335e+02,   3.504691e+00,   1.405253e+02,   1.711889e-02,   1.248134e+01,   3.067030e-03,   1.206990e+01,   1.623324e-03,   1.127554e+01,   1.853931e-03,   1.171245e+01,   7.371919e-03,              3,              0,       1 meters
  10/14/2016 11:58:10.635,   1.922900e+00,   1.953178e-03,   6.604051e+03,   2.003115e+02,   4.066794e+02,   1.193931e+00,   1.935684e+00,   2.309682e-03,   4.093832e+02,   1.271831e+00,   1.405804e+02,   4.067945e-02,   1.247534e+01,   2.779622e-03,   1.207300e+01,   2.884507e-03,   1.127209e+01,   6.315198e-03,   1.171033e+01,   6.471051e-03,              3,              0,       1 meters
  10/14/2016 11:58:15.519,   1.923398e+00,   8.306758e-04,   6.375123e+03,   1.106143e+02,   4.039909e+02,   2.929796e-01,   1.935739e+00,   8.735060e-04,   4.065829e+02,   3.353940e-01,   1.406079e+02,   2.470746e-02,   1.246906e+01,   2.687186e-03,   1.208743e+01,   6.402819e-03,   1.127764e+01,   2.552117e-03,   1.171380e+01,   2.682827e-03,              3,              0,       1 meters
  10/14/2016 11:58:20.404,   1.923983e+00,   2.060754e-03,   6.115289e+03,   8.752077e+01,   4.030694e+02,   1.751383e-01,   1.935821e+00,   2.166548e-03,   4.055495e+02,   2.078322e-01,   1.405554e+02,   2.571495e-02,   1.246441e+01,   3.947175e-03,   1.210090e+01,   3.551615e-03,   1.127558e+01,   4.071253e-03,   1.171227e+01,   3.703621e-03,              3,              0,       1 meters
  10/14/2016 11:58:25.290,   1.923662e+00,   1.769098e-03,   6.142408e+03,   7.573562e+01,   4.019816e+02,   2.485463e-01,   1.935551e+00,   1.718867e-03,   4.044660e+02,   2.681025e-01,   1.405468e+02,   3.265307e-02,   1.245940e+01,   2.931182e-03,   1.211050e+01,   3.349007e-03,   1.128058e+01,   5.151620e-03,   1.171974e+01,   3.844315e-03,              3,              0,       1 meters
  10/14/2016 11:58:30.174,   1.924659e+00,   4.919701e-04,   6.028469e+03,   7.023497e+01,   4.016345e+02,   2.410643e-01,   1.936332e+00,   5.486151e-04,   4.040704e+02,   2.602335e-01,   1.406138e+02,   2.941362e-02,   1.245614e+01,   1.908850e-03,   1.211740e+01,   2.778130e-03,   1.127742e+01,   3.300378e-03,   1.171445e+01,   2.685540e-03,              3,              0,       1 meters
  10/14/2016 11:58:35.058,   1.926026e+00,   1.178633e-03,   5.809420e+03,   1.471380e+02,   4.013986e+02,   4.207019e-01,   1.937281e+00,   1.419668e-03,   4.037442e+02,   4.819467e-01,   1.405691e+02,   3.669722e-02,   1.245163e+01,   3.175406e-03,   1.212652e+01,   3.762766e-03,   1.127751e+01,   2.459656e-03,   1.171647e+01,   3.221647e-03,              3,              0,       1 meters
  10/14/2016 11:58:39.942,   1.927506e+00,   1.413869e-03,   5.707500e+03,   5.281948e+01,   4.008197e+02,   1.974287e-01,   1.938570e+00,   1.383018e-03,   4.031206e+02,   2.185233e-01,   1.405251e+02,   2.175685e-02,   1.244737e+01,   2.368692e-03,   1.213475e+01,   1.452094e-03,   1.127732e+01,   3.793849e-03,   1.171620e+01,   4.220742e-03,              3,              0,       1 meters
  10/14/2016 11:58:44.827,   1.926663e+00,   1.484119e-03,   5.706445e+03,   3.830715e+01,   4.014942e+02,   3.232824e-01,   1.937721e+00,   1.423723e-03,   4.037984e+02,   3.287809e-01,   1.405964e+02,   4.490930e-02,   1.244179e+01,   1.714761e-03,   1.213663e+01,   1.139523e-03,   1.127754e+01,   3.540531e-03,   1.171389e+01,   4.535974e-03,              3,              0,       1 meters
  10/14/2016 11:58:49.710,   1.924489e+00,   1.012406e-03,   5.769333e+03,   8.147164e+01,   4.018563e+02,   4.578989e-01,   1.935657e+00,   1.108747e-03,   4.041882e+02,   4.650391e-01,   1.405963e+02,   3.083159e-02,   1.243813e+01,   2.644557e-03,   1.214606e+01,   3.935726e-03,   1.127744e+01,   3.804839e-03,   1.171607e+01,   4.390854e-03,              3,              0,       1 meters
  10/14/2016 11:58:54.595,   1.922859e+00,   8.367875e-04,   5.823912e+03,   8.253595e+01,   4.026942e+02,   4.219479e-01,   1.934123e+00,   9.458168e-04,   4.050532e+02,   4.458711e-01,   1.405454e+02,   2.669876e-02,   1.243667e+01,   1.754138e-03,   1.215963e+01,   4.618887e-03,   1.127683e+01,   2.735856e-03,   1.171762e+01,   3.548104e-03,              3,              0,       1 meters
  10/14/2016 11:58:59.479,   1.924183e+00,   1.409055e-03,   5.888669e+03,   7.791250e+01,   4.025593e+02,   1.995929e-01,   1.935581e+00,   1.396083e-03,   4.049439e+02,   2.101514e-01,   1.405891e+02,   3.149193e-02,   1.243024e+01,   4.026149e-03,   1.216718e+01,   2.113857e-03,   1.127754e+01,   7.768410e-03,   1.171531e+01,   1.402297e-03,              3,              0,       1 meters
  10/14/2016 11:59:04.364,   1.923626e+00,   7.412887e-04,   5.877400e+03,   6.134245e+01,   4.055927e+02,   2.652430e+00,   1.934999e+00,   7.196704e-04,   4.079905e+02,   2.643312e+00,   1.406098e+02,   1.927396e-02,   1.242777e+01,   1.723488e-03,   1.217764e+01,   5.236533e-03,   1.128073e+01,   3.021994e-03,   1.171741e+01,   5.738905e-03,              3,              0,       1 meters
  10/14/2016 11:59:09.249,   1.921755e+00,   1.888524e-03,   5.982910e+03,   8.208233e+01,   4.112143e+02,   5.446333e-01,   1.933322e+00,   1.792728e-03,   4.136894e+02,   5.721755e-01,   1.405527e+02,   1.547493e-02,   1.242395e+01,   3.457015e-03,   1.218946e+01,   3.533430e-03,   1.127906e+01,   3.306952e-03,   1.171715e+01,   1.368019e-03,              3,              0,       1 meters
  10/14/2016 11:59:14.133,   1.920869e+00,   5.065179e-04,   6.043262e+03,   5.590829e+01,   4.099726e+02,   6.315693e-01,   1.932548e+00,   6.055379e-04,   4.124653e+02,   6.401898e-01,   1.405255e+02,   2.374649e-02,   1.241915e+01,   2.638038e-03,   1.219940e+01,   3.528721e-03,   1.127542e+01,   1.628498e-03,   1.171087e+01,   2.809600e-03,              3,              0,       1 meters
  10/14/2016 11:59:19.017,   1.920816e+00,   1.437918e-03,   6.158186e+03,   1.476129e+01,   4.098212e+02,   6.489519e-01,   1.932718e+00,   1.435666e-03,   4.123606e+02,   6.516529e-01,   1.406065e+02,   4.492203e-02,   1.241706e+01,   1.921730e-03,   1.220680e+01,   2.736928e-03,   1.127636e+01,   3.516956e-03,   1.171584e+01,   3.374695e-03,              3,              0,       1 meters
  10/14/2016 11:59:23.902,   1.917243e+00,   1.156727e-03,   6.481610e+03,   1.899923e+02,   4.165357e+02,   1.020554e+01,   1.929751e+00,   1.022870e-03,   4.192547e+02,   1.035014e+01,   1.405889e+02,   2.567439e-02,   1.241276e+01,   3.333483e-03,   1.222475e+01,   6.059369e-03,   1.127979e+01,   3.428687e-03,   1.171506e+01,   2.712878e-03,              3,              0,       1 meters
  10/14/2016 11:59:28.787,   1.917173e+00,   9.190172e-04,   6.765463e+03,   7.762562e+01,   4.400770e+02,   1.583600e+00,   1.930231e+00,   8.436907e-04,   4.430747e+02,   1.612690e+00,   1.405370e+02,   1.792487e-02,   1.241034e+01,   4.726352e-04,   1.224981e+01,   8.993448e-03,   1.127164e+01,   1.353386e-03,   1.171157e+01,   2.224277e-03,              3,              0,       1 meters
  10/14/2016 11:59:33.671,   1.918054e+00,   1.445683e-03,   6.687439e+03,   7.654750e+01,   4.296665e+02,   3.262159e+00,   1.930967e+00,   1.336449e-03,   4.325592e+02,   3.266961e+00,   1.405568e+02,   3.644500e-02,   1.240815e+01,   1.120883e-03,   1.227336e+01,   4.697887e-03,   1.126978e+01,   2.980902e-03,   1.171143e+01,   3.055081e-03,              3,              0,       1 meters
  10/14/2016 11:59:38.555,   1.917440e+00,   1.277560e-03,   6.818573e+03,   6.028802e+01,   4.198376e+02,   3.423451e+00,   1.930604e+00,   1.189173e-03,   4.227201e+02,   3.470359e+00,   1.406148e+02,   2.106269e-02,   1.240506e+01,   7.981754e-04,   1.229521e+01,   8.562449e-03,   1.127336e+01,   2.591345e-03,   1.171268e+01,   1.380445e-03,              3,              0,       1 meters
  10/14/2016 11:59:43.440,   1.920345e+00,   7.033223e-04,   6.611713e+03,   2.496638e+01,   4.108192e+02,   1.979016e+00,   1.933127e+00,   6.797762e-04,   4.135535e+02,   1.992520e+00,   1.405795e+02,   1.141772e-02,   1.240228e+01,   1.038950e-03,   1.232862e+01,   1.233334e-02,   1.127301e+01,   2.070394e-03,   1.171327e+01,   3.605578e-03,              3,              0,       1 meters
  10/14/2016 11:59:48.325,   1.920541e+00,   9.443790e-04,   6.502726e+03,   6.370364e+01,   4.062723e+02,   5.876747e-01,   1.933112e+00,   1.011509e-03,   4.089315e+02,   6.123920e-01,   1.405460e+02,   1.469161e-02,   1.239917e+01,   9.947024e-04,   1.237025e+01,   1.154657e-02,   1.127288e+01,   2.632499e-03,   1.170936e+01,   3.780978e-03,              3,              0,       1 meters
  10/14/2016 11:59:53.208,   1.916330e+00,   1.496557e-03,   6.819159e+03,   2.192757e+02,   4.065144e+02,   7.358139e-01,   1.929487e+00,   1.147482e-03,   4.093056e+02,   8.299144e-01,   1.405252e+02,   1.849280e-02,   1.239602e+01,   9.322430e-04,   1.240168e+01,   8.040393e-03,   1.127133e+01,   7.887653e-04,   1.171196e+01,   2.489249e-03,              3,              0,       1 meters
  10/14/2016 11:59:58.092,   1.909660e+00,   1.286683e-03,   7.453264e+03,   1.797032e+02,   4.085358e+02,   5.491893e-01,   1.924000e+00,   1.021613e-03,   4.116037e+02,   6.250300e-01,   1.405895e+02,   2.970763e-02,   1.239406e+01,   5.582510e-04,   1.242045e+01,   3.800363e-03,   1.127372e+01,   1.746132e-03,   1.171334e+01,   2.231702e-03,              3,              0,       1 meters
  10/14/2016 12:00:02.978,   1.905854e+00,   1.330564e-03,   8.068298e+03,   2.220080e+02,   4.101785e+02,   5.435143e-01,   1.921356e+00,   9.476602e-04,   4.135150e+02,   6.399940e-01,   1.406087e+02,   1.959660e-02,   1.239247e+01,   5.644645e-04,   1.243843e+01,   8.141999e-03,   1.127158e+01,   2.128485e-03,   1.171358e+01,   1.762576e-03,              3,              0,       1 meters
  10/14/2016 12:00:07.864,   1.902078e+00,   8.232611e-04,   8.603145e+03,   1.937477e+02,   4.117676e+02,   5.682295e-01,   1.918584e+00,   9.689078e-04,   4.153409e+02,   6.517221e-01,   1.405737e+02,   1.543387e-02,   1.239083e+01,   6.088188e-04,   1.246225e+01,   6.277769e-03,   1.127034e+01,   2.525135e-03,   1.171338e+01,   1.410194e-03,              3,              0,       1 meters
  10/14/2016 12:00:12.747,   1.899773e+00,   1.684243e-03,   9.098383e+03,   1.349457e+02,   4.132797e+02,   4.894689e-01,   1.917217e+00,   1.459325e-03,   4.170745e+02,   5.464650e-01,   1.405377e+02,   1.558000e-02,   1.238949e+01,   5.272287e-04,   1.248331e+01,   7.256817e-03,   1.127087e+01,   3.591159e-03,   1.171431e+01,   9.385176e-04,              3,              0,       1 meters
  10/14/2016 12:00:17.630,   1.896608e+00,   1.332568e-03,   9.428721e+03,   1.315755e+02,   4.149905e+02,   6.052458e-01,   1.914661e+00,   1.482412e-03,   4.189406e+02,   6.435414e-01,   1.405455e+02,   1.885614e-02,   1.238854e+01,   2.963509e-04,   1.249264e+01,   9.794904e-04,   1.127073e+01,   2.721482e-03,   1.171322e+01,   2.446442e-03,              3,              0,       1 meters
  10/14/2016 12:00:22.515,   1.893416e+00,   1.703087e-03,   9.809670e+03,   1.248149e+02,   4.164071e+02,   7.224743e-01,   1.912173e+00,   1.738411e-03,   4.205325e+02,   7.810698e-01,   1.405992e+02,   2.903585e-02,   1.238770e+01,   3.056818e-04,   1.250165e+01,   4.102390e-03,   1.127183e+01,   4.237185e-03,   1.171314e+01,   7.439625e-03,              3,              0,       1 meters
  10/14/2016 12:00:27.401,   1.890966e+00,   2.791094e-03,   1.003501e+04,   2.955339e+01,   4.182322e+02,   4.215631e-01,   1.910135e+00,   2.806938e-03,   4.224717e+02,   4.354553e-01,   1.406034e+02,   2.510065e-02,   1.238735e+01,   2.852964e-04,   1.252198e+01,   5.986221e-03,   1.127198e+01,   4.152596e-03,   1.171162e+01,   6.555789e-03,              3,              0,       1 meters
  10/14/2016 12:00:32.286,   1.886416e+00,   1.470256e-03,   1.016041e+04,   1.473928e+02,   4.198320e+02,   5.995437e-01,   1.905780e+00,   1.665211e-03,   4.241414e+02,   6.259801e-01,   1.405649e+02,   1.507584e-02,   1.238693e+01,   2.974756e-04,   1.254128e+01,   8.231827e-03,   1.127061e+01,   5.171794e-03,   1.171390e+01,   2.656148e-03,              3,              0,       1 meters
  10/14/2016 12:00:37.169,   1.883697e+00,   2.231076e-03,   1.039500e+04,   9.299829e+01,   4.216874e+02,   9.124495e-01,   1.903484e+00,   2.192614e-03,   4.261170e+02,   9.533638e-01,   1.405284e+02,   1.982482e-02,   1.238615e+01,   3.628340e-04,   1.256840e+01,   1.024772e-02,   1.127378e+01,   9.301730e-03,   1.171268e+01,   8.677496e-03,              3,              0,       1 meters
  10/14/2016 12:00:42.053,   1.880446e+00,   1.829341e-03,   1.042353e+04,   9.417870e+01,   4.233851e+02,   6.583693e-01,   1.900253e+00,   1.906912e-03,   4.278448e+02,   6.790884e-01,   1.405532e+02,   2.253729e-02,   1.238541e+01,   3.301263e-04,   1.259800e+01,   8.688670e-03,   1.126958e+01,   5.716352e-03,   1.171306e+01,   5.864946e-03,              3,              0,       1 meters
  10/14/2016 12:00:46.937,   1.877759e+00,   1.635341e-03,   1.063928e+04,   4.604791e+01,   4.250248e+02,   4.363388e-01,   1.897952e+00,   1.612642e-03,   4.295954e+02,   4.518096e-01,   1.406147e+02,   2.103551e-02,   1.238520e+01,   1.463985e-04,   1.261218e+01,   5.197329e-03,   1.127062e+01,   1.655518e-03,   1.171208e+01,   3.390552e-03,              3,              0,       1 meters
  10/14/2016 12:00:51.824,   1.874123e+00,   7.897344e-04,   1.074685e+04,   7.374158e+01,   4.267368e+02,   4.553907e-01,   1.894482e+00,   7.227921e-04,   4.313727e+02,   4.873373e-01,   1.405897e+02,   2.125748e-02,   1.238566e+01,   2.797456e-04,   1.263254e+01,   9.808051e-03,   1.127416e+01,   3.369498e-03,   1.171141e+01,   3.930923e-03,              3,              0,       1 meters
  10/14/2016 12:00:56.707,   1.871459e+00,   9.684774e-04,   1.080548e+04,   4.935681e+01,   4.284945e+02,   6.837438e-01,   1.891902e+00,   9.000469e-04,   4.331752e+02,   7.073267e-01,   1.405458e+02,   2.213290e-02,   1.238581e+01,   2.285926e-04,   1.265810e+01,   6.081031e-03,   1.127255e+01,   2.178584e-03,   1.171117e+01,   2.547131e-03,              3,              0,       1 meters
  10/14/2016 12:01:01.593,   1.867531e+00,   1.131879e-03,   1.086889e+04,   4.738419e+01,   4.303087e+02,   5.702751e-01,   1.888052e+00,   1.072866e-03,   4.350371e+02,   5.956856e-01,   1.405279e+02,   1.784735e-02,   1.238578e+01,   1.895854e-04,   1.268125e+01,   7.391893e-03,   1.127341e+01,   9.408952e-04,   1.171158e+01,   1.725859e-03,              3,              0,       1 meters
  10/14/2016 12:01:06.476,   1.865292e+00,   1.170998e-03,   1.096075e+04,   5.981742e+01,   4.321063e+02,   7.472587e-01,   1.885964e+00,   1.132213e-03,   4.368951e+02,   7.660360e-01,   1.405730e+02,   1.845054e-02,   1.238635e+01,   4.058462e-04,   1.270320e+01,   5.816814e-03,   1.126948e+01,   2.832526e-03,   1.171293e+01,   4.825000e-03,              3,              0,       1 meters
  10/14/2016 12:01:11.360,   1.861101e+00,   1.416481e-03,   1.101939e+04,   9.459581e+01,   4.336859e+02,   6.091081e-01,   1.881838e+00,   1.459775e-03,   4.385182e+02,   6.324088e-01,   1.406152e+02,   2.320814e-02,   1.238701e+01,   3.293083e-04,   1.271588e+01,   7.032743e-03,   1.127080e+01,   2.448490e-03,   1.171387e+01,   2.839274e-03,              3,              0,       1 meters
  10/14/2016 12:01:16.242,   1.857740e+00,   1.190886e-03,   1.110638e+04,   3.600292e+01,   4.354233e+02,   6.836778e-01,   1.878605e+00,   1.168382e-03,   4.403136e+02,   6.986577e-01,   1.405847e+02,   2.002351e-02,   1.238743e+01,   2.308484e-04,   1.273996e+01,   8.368994e-03,   1.127245e+01,   1.437408e-03,   1.171248e+01,   1.988860e-03,              3,              0,       1 meters
  10/14/2016 12:01:21.129,   1.855504e+00,   1.737773e-03,   1.115351e+04,   6.890777e+01,   4.371265e+02,   6.727567e-01,   1.876433e+00,   1.744952e-03,   4.420570e+02,   6.890578e-01,   1.405527e+02,   2.081976e-02,   1.238838e+01,   3.994791e-04,   1.275947e+01,   5.539729e-03,   1.127125e+01,   2.909227e-03,   1.171227e+01,   1.523886e-03,              3,              0,       1 meters
  10/14/2016 12:01:26.014,   1.852644e+00,   9.382459e-04,   1.122230e+04,   4.911786e+01,   4.390821e+02,   6.449957e-01,   1.873671e+00,   9.602644e-04,   4.440656e+02,   6.694810e-01,   1.405485e+02,   1.878175e-02,   1.238909e+01,   1.958241e-04,   1.277872e+01,   6.124673e-03,   1.126888e+01,   2.488342e-03,   1.171186e+01,   1.090730e-03,              3,              0,       1 meters
  10/14/2016 12:01:30.899,   1.847923e+00,   1.986722e-03,   1.130419e+04,   5.264518e+01,   4.406695e+02,   6.663172e-01,   1.869051e+00,   2.049204e-03,   4.457078e+02,   6.740171e-01,   1.405960e+02,   2.243827e-02,   1.238973e+01,   2.424917e-04,   1.279504e+01,   6.101967e-03,   1.127361e+01,   4.231578e-03,   1.171383e+01,   3.543320e-03,              3,              0,       1 meters
  10/14/2016 12:01:35.784,   1.844772e+00,   1.128844e-03,   1.124953e+04,   2.687919e+01,   4.420745e+02,   6.972013e-01,   1.865760e+00,   1.162614e-03,   4.471042e+02,   7.034795e-01,   1.406066e+02,   2.401229e-02,   1.239117e+01,   5.297747e-04,   1.281211e+01,   4.577507e-03,   1.127123e+01,   1.485604e-03,   1.171374e+01,   3.725808e-03,              3,              0,       1 meters
  10/14/2016 12:01:40.667,   1.842346e+00,   7.559033e-04,   1.130107e+04,   5.368781e+01,   4.441096e+02,   5.162588e-01,   1.863404e+00,   7.877321e-04,   4.491859e+02,   5.258599e-01,   1.405605e+02,   1.457868e-02,   1.239210e+01,   2.989459e-04,   1.282496e+01,   5.224209e-03,   1.126981e+01,   2.478118e-03,   1.171161e+01,   3.054996e-03,              3,              0,       1 meters
  10/14/2016 12:01:45.552,   1.838911e+00,   2.597184e-03,   1.130652e+04,   8.011019e+01,   4.457713e+02,   4.567458e-01,   1.859941e+00,   2.745184e-03,   4.508690e+02,   4.558836e-01,   1.405303e+02,   2.001173e-02,   1.239379e+01,   7.981669e-04,   1.284584e+01,   7.644133e-03,   1.127124e+01,   4.394183e-03,   1.171269e+01,   3.131428e-03,              3,              0,       1 meters
  10/14/2016 12:01:50.435,   1.836475e+00,   2.050675e-03,   1.141432e+04,   4.589866e+01,   4.475193e+02,   5.149699e-01,   1.857680e+00,   2.057870e-03,   4.526864e+02,   5.399032e-01,   1.405507e+02,   2.731203e-02,   1.239511e+01,   4.435934e-04,   1.287382e+01,   9.389697e-03,   1.127210e+01,   5.607637e-03,   1.171249e+01,   2.949488e-03,              3,              0,       1 meters
  10/14/2016 12:01:55.320,   1.832602e+00,   1.469332e-03,   1.139025e+04,   3.741068e+01,   4.491166e+02,   4.574161e-01,   1.853716e+00,   1.535850e-03,   4.542911e+02,   4.671962e-01,   1.406171e+02,   1.927313e-02,   1.239714e+01,   9.960434e-04,   1.289503e+01,   5.178563e-03,   1.127023e+01,   2.006100e-03,   1.171334e+01,   3.119750e-03,              3,              0,       1 meters
  10/14/2016 12:02:00.208,   1.829417e+00,   1.835627e-03,   1.144706e+04,   4.783512e+01,   4.510843e+02,   7.376145e-01,   1.850600e+00,   1.796124e-03,   4.563077e+02,   7.647280e-01,   1.405840e+02,   1.691992e-02,   1.239895e+01,   5.099911e-04,   1.291539e+01,   6.597465e-03,   1.126691e+01,   4.326754e-03,   1.170866e+01,   2.949530e-03,              3,              0,       1 meters
  10/14/2016 12:02:05.097,   1.825924e+00,   1.313341e-03,   1.146828e+04,   6.696018e+01,   4.524679e+02,   5.972880e-01,   1.847107e+00,   1.364937e-03,   4.577171e+02,   6.183973e-01,   1.405493e+02,   1.724098e-02,   1.240051e+01,   6.788511e-04,   1.293750e+01,   7.828272e-03,   1.127291e+01,   3.300330e-03,   1.171179e+01,   3.118847e-03,              3,              0,       1 meters
  10/14/2016 12:02:09.980,   1.824229e+00,   9.571006e-04,   1.147867e+04,   4.054114e+01,   4.543088e+02,   7.873518e-01,   1.845412e+00,   1.014120e-03,   4.595842e+02,   7.913619e-01,   1.405337e+02,   2.131172e-02,   1.240243e+01,   6.011595e-04,   1.296445e+01,   9.613697e-03,   1.126573e+01,   3.160875e-03,   1.171116e+01,   4.156288e-03,              3,              0,       1 meters
  10/14/2016 12:02:14.862,   1.821080e+00,   2.342195e-03,   1.151008e+04,   6.321132e+01,   4.559359e+02,   5.274023e-01,   1.842285e+00,   2.422166e-03,   4.612449e+02,   5.562175e-01,   1.405632e+02,   2.791541e-02,   1.240392e+01,   5.714222e-04,   1.298504e+01,   4.614111e-03,   1.126856e+01,   2.446784e-03,   1.171036e+01,   5.764267e-03,              3,              0,       1 meters
  10/14/2016 12:02:19.749,   1.817004e+00,   1.262187e-03,   1.150632e+04,   2.288259e+01,   4.575773e+02,   6.150565e-01,   1.838155e+00,   1.263200e-03,   4.629036e+02,   6.218094e-01,   1.406194e+02,   1.800540e-02,   1.240663e+01,   5.984985e-04,   1.299884e+01,   6.322529e-03,   1.126991e+01,   1.851885e-03,   1.171177e+01,   3.150089e-03,              3,              0,       1 meters
  10/14/2016 12:02:24.633,   1.814179e+00,   1.267916e-03,   1.150415e+04,   2.663354e+01,   4.591543e+02,   5.409735e-01,   1.835293e+00,   1.241197e-03,   4.644979e+02,   5.593338e-01,   1.405797e+02,   1.623505e-02,   1.240842e+01,   6.232266e-04,   1.302211e+01,   8.329484e-03,   1.127054e+01,   2.207507e-03,   1.171085e+01,   3.953561e-03,              3,              0,       1 meters
  10/14/2016 12:02:29.517,   1.810892e+00,   1.360053e-03,   1.146046e+04,   3.942141e+01,   4.609117e+02,   5.449342e-01,   1.831886e+00,   1.440866e-03,   4.662552e+02,   5.400297e-01,   1.405451e+02,   1.845283e-02,   1.241121e+01,   8.346156e-04,   1.305142e+01,   1.089839e-02,   1.127072e+01,   2.203977e-03,   1.171273e+01,   2.299606e-03,              3,              0,       1 meters
  10/14/2016 12:02:34.404,   1.808272e+00,   1.280200e-03,   1.152582e+04,   3.674633e+01,   4.626596e+02,   5.113565e-01,   1.829356e+00,   1.333752e-03,   4.680543e+02,   5.196772e-01,   1.405321e+02,   2.058662e-02,   1.241352e+01,   1.240479e-03,   1.307692e+01,   6.509930e-03,   1.127105e+01,   3.168370e-03,   1.171028e+01,   3.052308e-03,              3,              0,       1 meters
  10/14/2016 12:02:39.288,   1.805400e+00,   9.120600e-04,   1.157003e+04,   3.845599e+01,   4.642429e+02,   5.382022e-01,   1.826533e+00,   8.722435e-04,   4.696771e+02,   5.561636e-01,   1.405907e+02,   2.574293e-02,   1.241635e+01,   7.365262e-04,   1.310461e+01,   8.970352e-03,   1.127016e+01,   2.176412e-03,   1.171228e+01,   2.664756e-03,              3,              0,       1 meters
  10/14/2016 12:02:44.170,   1.801521e+00,   1.514895e-03,   1.162105e+04,   5.589818e+01,   4.655614e+02,   4.002590e-01,   1.822703e+00,   1.601202e-03,   4.710353e+02,   3.791888e-01,   1.406027e+02,   2.054855e-02,   1.241879e+01,   1.032956e-03,   1.312987e+01,   7.623893e-03,   1.127196e+01,   1.568153e-03,   1.171430e+01,   1.716141e-03,              3,              0,       1 meters
  10/14/2016 12:02:49.054,   1.798895e+00,   1.331266e-03,   1.158255e+04,   3.950066e+01,   4.673174e+02,   7.046971e-01,   1.819975e+00,   1.379800e-03,   4.727935e+02,   6.983506e-01,   1.405668e+02,   9.833345e-03,   1.242150e+01,   8.365913e-04,   1.314754e+01,   4.540710e-03,   1.127069e+01,   1.422282e-03,   1.171436e+01,   5.386048e-03,              3,              0,       1 meters
  10/14/2016 12:02:53.940,   1.795529e+00,   9.344083e-04,   1.159836e+04,   5.623293e+01,   4.692086e+02,   6.757097e-01,   1.816598e+00,   9.444650e-04,   4.747145e+02,   6.716796e-01,   1.405315e+02,   1.796028e-02,   1.242425e+01,   9.745669e-04,   1.315991e+01,   3.014815e-03,   1.127178e+01,   3.433071e-03,   1.170973e+01,   3.000377e-03,              3,              0,       1 meters
  10/14/2016 12:02:58.825,   1.792918e+00,   2.801725e-03,   1.162880e+04,   1.019247e+02,   4.706564e+02,   2.021713e-01,   1.814013e+00,   2.920137e-03,   4.761940e+02,   2.249125e-01,   1.405432e+02,   1.954413e-02,   1.242718e+01,   6.849095e-04,   1.316696e+01,   1.888671e-03,   1.126887e+01,   4.072693e-03,   1.171394e+01,   3.491159e-03,              3,              0,       1 meters
  10/14/2016 12:03:03.708,   1.789754e+00,   1.708710e-03,   1.164564e+04,   5.109292e+01,   4.723404e+02,   4.642695e-01,   1.810843e+00,   1.792413e-03,   4.779059e+02,   4.598759e-01,   1.406155e+02,   2.068129e-02,   1.243077e+01,   1.305072e-03,   1.317013e+01,   6.483970e-04,   1.126969e+01,   1.664767e-03,   1.171293e+01,   4.307565e-03,              3,              0,       1 meters
  10/14/2016 12:03:08.592,   1.786319e+00,   1.129675e-03,   1.160429e+04,   1.125268e+02,   4.738006e+02,   4.863656e-01,   1.807292e+00,   1.237555e-03,   4.793633e+02,   4.640281e-01,   1.406010e+02,   2.036942e-02,   1.243432e+01,   1.322394e-03,   1.318128e+01,   4.884356e-03,   1.126976e+01,   4.236169e-03,   1.171372e+01,   4.391856e-03,              3,              0,       1 meters
  10/14/2016 12:03:13.477,   1.783636e+00,   1.168450e-03,   1.157909e+04,   4.062717e+01,   4.757520e+02,   5.320455e-01,   1.804530e+00,   1.181705e-03,   4.813253e+02,   5.449272e-01,   1.405522e+02,   1.445215e-02,   1.243755e+01,   8.855187e-04,   1.319431e+01,   4.764730e-03,   1.126888e+01,   5.459579e-03,   1.171001e+01,   4.589836e-03,              3,              0,       1 meters
  10/14/2016 12:03:18.361,   1.780589e+00,   1.406613e-03,   1.164979e+04,   9.376439e+00,   4.774896e+02,   2.618728e-01,   1.801577e+00,   1.416897e-03,   4.831178e+02,   2.613324e-01,   1.405366e+02,   1.838642e-02,   1.244086e+01,   7.100611e-04,   1.320705e+01,   5.860854e-03,   1.127110e+01,   6.893406e-03,   1.170680e+01,   7.450349e-03,              3,              0,       1 meters
  10/14/2016 12:03:23.253,   1.777531e+00,   1.863563e-03,   1.176260e+04,   5.477615e+01,   4.788133e+02,   6.515260e-01,   1.798689e+00,   1.922446e-03,   4.845125e+02,   6.563529e-01,   1.405735e+02,   2.877905e-02,   1.244346e+01,   1.235394e-03,   1.322912e+01,   8.382074e-03,   1.127199e+01,   4.856963e-03,   1.170997e+01,   3.669013e-03,              3,              0,       1 meters
  10/14/2016 12:03:28.137,   1.773875e+00,   1.204621e-03,   1.175376e+04,   6.511654e+01,   4.804616e+02,   5.042750e-01,   1.794973e+00,   1.108009e-03,   4.861760e+02,   5.346385e-01,   1.406121e+02,   1.768674e-02,   1.244676e+01,   1.186621e-03,   1.325032e+01,   4.972055e-03,   1.127001e+01,   1.473382e-03,   1.171244e+01,   2.502582e-03,              3,              0,       1 meters
  10/14/2016 12:03:33.024,   1.771577e+00,   1.464579e-03,   1.182679e+04,   4.388863e+01,   4.820842e+02,   5.071416e-01,   1.792780e+00,   1.558139e-03,   4.878539e+02,   4.954629e-01,   1.405837e+02,   6.461835e-03,   1.245065e+01,   9.388518e-04,   1.326774e+01,   4.997287e-03,   1.127165e+01,   1.674878e-03,   1.171200e+01,   4.410151e-03,              3,              0,       1 meters
  10/14/2016 12:03:37.908,   1.767357e+00,   1.989180e-03,   1.182591e+04,   7.727221e+01,   4.836403e+02,   4.748161e-01,   1.788507e+00,   2.138498e-03,   4.894282e+02,   4.665176e-01,   1.405462e+02,   1.575309e-02,   1.245445e+01,   1.104733e-03,   1.328653e+01,   3.618490e-03,   1.127439e+01,   2.535915e-03,   1.171487e+01,   2.666822e-03,              3,              0,       1 meters
  10/14/2016 12:03:42.792,   1.765292e+00,   9.625305e-04,   1.177912e+04,   9.231926e+01,   4.854500e+02,   6.884008e-01,   1.786333e+00,   1.085858e-03,   4.912363e+02,   7.378470e-01,   1.405469e+02,   2.239688e-02,   1.245792e+01,   1.204074e-03,   1.329786e+01,   2.345127e-03,   1.127089e+01,   4.941179e-03,   1.171255e+01,   3.168879e-03,              3,              0,       1 meters
  10/14/2016 12:03:47.676,   1.763016e+00,   1.893769e-03,   1.178716e+04,   5.468688e+01,   4.871829e+02,   6.618768e-01,   1.784045e+00,   1.904753e-03,   4.929939e+02,   6.752524e-01,   1.405989e+02,   2.872022e-02,   1.246127e+01,   1.315687e-03,   1.330533e+01,   2.010459e-03,   1.126674e+01,   3.190513e-03,   1.170969e+01,   2.915052e-03,              3,              0,       1 meters
  10/14/2016 12:03:52.560,   1.759671e+00,   1.608337e-03,   1.179504e+04,   5.266714e+01,   4.888012e+02,   5.267110e-01,   1.780674e+00,   1.664375e-03,   4.946354e+02,   5.453122e-01,   1.406375e+02,   2.152961e-02,   1.246427e+01,   5.998590e-04,   1.330792e+01,   3.651370e-03,   1.126675e+01,   5.027309e-03,   1.170864e+01,   4.181027e-03,              3,              0,       1 meters
